0.00233891 -0.00664008 0.000775057
0.0292825 0.0377441 0.0698137
0.270954 -0.0319508 -0.138989
0.44588 -0.0988357 -0.217117
0.289951 -0.24847 -0.0643101
0.263843 -0.400128 -0.0282656
0.265674 -0.0261691 -0.311335
0.298675 0.18537 -0.184906
0.305516 0.184359 -0.192793
0.0271916 0.0444508 0.0688982
0.268142 -0.0256285 -0.140611
0.442773 -0.0927521 -0.219211
0.287275 -0.242053 -0.0657347
0.261228 -0.393642 -0.0294256
0.262311 -0.0200883 -0.312935
0.295841 0.191601 -0.186889
0.302656 0.190574 -0.194798
0.270981 0.0831232 -0.157492
0.243307 -0.0808936 -0.202642
0.417807 -0.154531 -0.275578
0.253515 -0.296788 -0.124156
0.221706 -0.446877 -0.0859453
0.241908 -0.0772955 -0.375052
0.279494 0.134848 -0.250706
0.286468 0.133509 -0.258412
0.250219 0.027534 -0.22079
0.20842 -0.158987 -0.096121
0.178325 -0.0643893 -0.0722012
0.0360725 -0.20192 0.101656
0.0232315 -0.348563 0.157089
-0.00664056 -0.018003 -0.170897
0.0130093 0.209385 -0.0755485
0.0198308 0.207732 -0.0833381
-0.00472089 0.105007 -0.0312755
-0.0227829 -0.0673095 0.116163
0.124262 -0.105031 0.0546476
-0.130902 -0.126624 0.189843
-0.135173 -0.268574 0.257864
-0.18916 0.0307802 -0.0963694
-0.174695 0.266648 -0.0224861
-0.168046 0.264505 -0.0303249
-0.187732 0.166086 0.031764
-0.194716 0.00675079 0.19472
-0.0483998 -0.0310163 0.131574
-0.0501689 -0.0533734 0.147932
-0.0142535 -0.144884 0.0594985
-0.0608346 0.180963 -0.270876
-0.0200379 0.409217 -0.182295
-0.01409 0.40707 -0.190741
-0.0386359 0.306569 -0.134386
-0.0502902 0.137563 0.0176343
0.0876847 0.0912831 -0.0574988
0.0847319 0.0681154 -0.0425036
0.12292 -0.110916 0.237218
-0.0610367 0.329023 -0.324696
-0.00705583 0.555961 -0.237435
-0.00176654 0.553686 -0.246362
-0.0251617 0.453517 -0.188877
-0.0306354 0.2837 -0.0372255
0.100435 0.233895 -0.122667
0.0978528 0.210715 -0.107622
0.150348 0.027771 0.167552
0.173808 0.0157429 0.13539
0.00101773 0.227986 0.0953323
0.00788702 0.226921 0.0874803
-0.00732748 0.122398 0.139878
-0.0093136 -0.0515802 0.286934
0.140143 -0.0764293 0.223677
0.139123 -0.100341 0.237821
0.177118 -0.282329 0.515726
0.207459 -0.289331 0.487379
0.267809 -0.178272 0.154309
0.00764007 -0.00141933 -0.00700798
-0.0183526 -0.104772 0.0430624
-0.045384 -0.276731 0.189532
0.109239 -0.309048 0.14377
0.10551 -0.332687 0.15787
0.103107 -0.510459 0.441644
0.136279 -0.519329 0.416921
0.239859 -0.416497 0.0900148
0.249741 -0.421242 0.100746
-0.0255871 -0.103256 0.0504767
-0.051852 -0.274787 0.197581
0.102862 -0.306702 0.151801
0.0992394 -0.330305 0.165984
0.0978803 -0.507109 0.45031
0.131062 -0.515939 0.425581
0.233858 -0.413856 0.0982879
0.243769 -0.418526 0.109022
0.252525 -0.237412 -0.260074
-0.0231133 -0.17287 0.146048
0.127762 -0.208092 0.0921702
0.124217 -0.231785 0.106229
0.131989 -0.413047 0.387395
0.163468 -0.42233 0.361045
0.252417 -0.318204 0.0312151
0.262676 -0.323311 0.0413735
0.257892 -0.13849 -0.325396
0.217603 -0.313832 0.39096
0.14241 -0.0455241 -0.0666342
0.138285 -0.0690682 -0.0524809
0.155565 -0.254732 0.225265
0.183708 -0.265879 0.196519
0.252443 -0.164409 -0.137815
0.263049 -0.170437 -0.128551
0.241874 0.0171792 -0.492797
0.247859 -0.162885 0.222454
0.297923 -0.17321 0.030099
-0.00300406 -0.022571 0.015858
0.0280418 -0.187652 0.304735
0.0558036 -0.199769 0.276084
0.112619 -0.11981 -0.065236
0.123613 -0.124797 -0.0558688
0.0902286 0.0342923 -0.431065
0.116747 -0.0932034 0.293097
0.162072 -0.11522 0.101143
0.142529 -0.21428 0.0951047
0.0329382 -0.165867 0.288214
0.0602621 -0.178137 0.259248
0.113909 -0.0980744 -0.0824903
0.124965 -0.103165 -0.0732512
0.0886434 0.056462 -0.447898
0.12222 -0.0721578 0.275758
0.16523 -0.0941427 0.0833168
0.144808 -0.193015 0.0773716
0.195843 -0.0961763 0.307428
0.0226719 -0.0162988 -0.0307053
0.0590335 0.0505424 -0.377175
0.0700052 0.0440116 -0.368679
0.0267553 0.200991 -0.743529
0.100078 0.0793445 -0.0214881
0.123745 0.049381 -0.215974
0.0888581 -0.0456046 -0.217771
0.171508 0.0450397 0.00506421
-0.171098 0.049381 -0.284554
0.0327511 0.0631988 -0.347499
0.0438687 0.0569471 -0.339011
-0.00392539 0.208074 -0.715533
0.0760194 0.0968887 0.00746134
0.0985882 0.0649899 -0.186837
0.0651561 -0.0304578 -0.187241
0.148184 0.0639638 0.0337715
-0.196542 0.0596466 -0.253177
-0.269403 0.0743371 -0.316665
0.0116828 -0.00410332 0.00892619
-0.0475933 0.130354 -0.372035
0.0254281 0.0460592 0.355076
0.0591886 0.015343 0.162279
0.0428051 -0.0844087 0.162727
0.101793 0.0265422 0.38385
-0.22767 -0.041615 0.0860946
-0.299078 -0.0403349 0.0190796
-0.24806 0.0179321 0.271112
-0.0593246 0.132488 -0.381641
0.0148005 0.0520639 0.345823
0.0479271 0.020116 0.153134
0.0311072 -0.0795411 0.1542
0.0911341 0.0323664 0.37453
-0.239332 -0.0360179 0.0779335
-0.310888 -0.034825 0.0110733
-0.258982 0.0246806 0.262698
-0.316383 -0.00620727 -0.216172
0.0408983 -0.0881548 0.728929
0.0929266 -0.108291 0.538215
0.0953753 -0.210468 0.535591
0.118891 -0.0937638 0.762348
-0.175576 -0.215631 0.440243
-0.2416 -0.225206 0.367499
-0.220332 -0.164969 0.62413
-0.235876 -0.18934 0.141457
-0.207809 -0.156527 -0.0986785
0.0320139 -0.0390156 -0.191526
-0.00173372 -0.134336 -0.190116
0.0706471 -0.0320083 0.0309859
-0.259388 -0.0453898 -0.272289
-0.328757 -0.0322747 -0.339932
-0.271518 0.0195385 -0.0881346
-0.32537 -0.00449216 -0.567496
-0.302052 0.0119634 -0.810506
-0.178192 0.048582 -0.116764
-0.0243569 -0.097926 0.00333903
0.0420989 0.0143535 0.221478
-0.290026 -0.035755 -0.0760899
-0.36094 -0.0306669 -0.14329
-0.305823 0.030792 0.107288
-0.362798 -0.00704713 -0.371489
-0.343782 0.00649683 -0.615152
-0.216159 0.0682656 0.0769854
-0.138209 0.0573389 0.0185392
0.0771954 0.109098 0.216109
-0.269161 0.0628129 -0.0655172
-0.343326 0.0683265 -0.129043
-0.276006 0.126978 0.119188
-0.356634 0.0937384 -0.356509
-0.350086 0.108343 -0.600622
-0.187869 0.165105 0.0850201
-0.112797 0.155064 0.0226602
-0.341024 0.169543 0.138265
-0.334806 -0.0193792 -0.29762
-0.404933 -0.0077846 -0.364734
-0.343278 0.0525088 -0.115419
-0.40381 0.0114027 -0.593684
-0.382355 0.0180643 -0.837955
-0.249941 0.0791881 -0.14664
-0.173435 0.058468 -0.204812
-0.403789 0.103021 -0.100582
-0.405341 0.0935701 -0.126627
-0.0725298 0.0117997 -0.0644385
-0.0151887 0.0385464 0.190552
-0.0820088 0.0672652 -0.285611
-0.0735754 0.115404 -0.523966
0.0725741 0.0835619 0.165137
0.15001 0.0843848 0.104809
-0.0825089 0.0760747 0.212395
-0.0829646 0.0709237 0.185328
-0.0971282 0.0625497 0.191174
0.054806 0.019371 0.256171
-0.0104359 0.0630862 -0.219029
-0.00338372 0.120026 -0.455396
0.141316 0.0681689 0.23298
0.219141 0.0736924 0.173131
-0.0139747 0.0539409 0.278784
-0.0140331 0.0497402 0.25156
-0.0279767 0.0407024 0.256984
-0.0549963 0.038951 -0.476862
-0.0377301 0.0891299 -0.714348
0.0920032 0.0366063 -0.0232119
0.170393 0.0305596 -0.0817552
-0.0637394 0.0435582 0.0209958
-0.0641754 0.0386713 -0.00611642
-0.0791533 0.031661 -0.000586311
0.00802108 0.0590626 -0.235811
0.136805 0.019541 0.456201
0.21566 0.0339216 0.398359
-0.0183375 -0.0119967 0.497351
-0.0170496 -0.0161341 0.470139
-0.030177 -0.026724 0.475092
0.113483 -0.020718 0.695358
0.192398 0.00275658 0.639179
-0.0397673 -0.0706402 0.732557
-0.0371671 -0.0748473 0.705419
-0.0492443 -0.087012 0.710046
0.0795416 -0.00773236 -0.0567424
-0.15659 0.00716288 0.041023
-0.156473 0.00102317 0.0141414
-0.171477 -0.00589902 0.0197168
-0.236169 0.0120764 0.0980502
-0.235961 0.00486725 0.0713988
-0.250747 -0.00226478 0.0772947
0.000107391 -0.0040165 -0.0272514
-0.0150571 -0.0110322 -0.022272
-0.0150571 -0.00722129 0.0050095
0.00233891 -0.00664008 0.000775057
0.0292825 0.0377441 0.0698137
0.270954 -0.0319508 -0.138989
0.44588 -0.0988357 -0.217117
0.289951 -0.24847 -0.0643101
0.263843 -0.400128 -0.0282656
0.265674 -0.0261691 -0.311335
0.298675 0.18537 -0.184906
0.305516 0.184359 -0.192793
0.273788 0.07683 -0.155725
0.240991 -0.112648 -0.032947
0.386353 -0.152494 -0.0969091
0.381091 -0.177641 -0.0858805
0.377772 -0.396181 0.170254
0.407569 -0.404576 0.141898
0.498254 -0.264443 -0.176461
0.0271916 0.0444508 0.0688982
0.268142 -0.0256285 -0.140611
0.442773 -0.0927521 -0.219211
0.287275 -0.242053 -0.0657347
0.261228 -0.393642 -0.0294256
0.262311 -0.0200883 -0.312935
0.295841 0.191601 -0.186889
0.302656 0.190574 -0.194798
0.270981 0.0831232 -0.157492
0.238486 -0.106168 -0.034382
0.383608 -0.146195 -0.0987611
0.378369 -0.171322 -0.0876861
0.375793 -0.389551 0.168657
0.405484 -0.397996 0.140221
0.495177 -0.258336 -0.178516
0.505217 -0.265685 -0.169425
0.243307 -0.0808936 -0.202642
0.417807 -0.154531 -0.275578
0.253515 -0.296788 -0.124156
0.221706 -0.446877 -0.0859453
0.241908 -0.0772955 -0.375052
0.279494 0.134848 -0.250706
0.286468 0.133509 -0.258412
0.250219 0.027534 -0.22079
0.20842 -0.158987 -0.096121
0.353826 -0.204499 -0.156095
0.347495 -0.229287 -0.144794
0.331804 -0.443044 0.115113
0.3619 -0.452868 0.087614
0.463927 -0.321106 -0.230998
0.473515 -0.328624 -0.221509
0.487314 -0.098956 -0.566753
0.178325 -0.0643893 -0.0722012
0.0360725 -0.20192 0.101656
0.0232315 -0.348563 0.157089
-0.00664056 -0.018003 -0.170897
0.0130093 0.209385 -0.0755485
0.0198308 0.207732 -0.0833381
-0.00472089 0.105007 -0.0312755
-0.0227829 -0.0673095 0.116163
0.124262 -0.105031 0.0546476
0.12107 -0.128638 0.0689196
0.140488 -0.310289 0.349019
0.170261 -0.320039 0.32118
0.243447 -0.21756 -0.0121237
0.254102 -0.222847 -0.00250616
0.233627 -0.0398079 -0.368883
0.227519 -0.212792 0.348041
-0.130902 -0.126624 0.189843
-0.135173 -0.268574 0.257864
-0.18916 0.0307802 -0.0963694
-0.174695 0.266648 -0.0224861
-0.168046 0.264505 -0.0303249
-0.187732 0.166086 0.031764
-0.194716 0.00675079 0.19472
-0.0483998 -0.0310163 0.131574
-0.0501689 -0.0533734 0.147932
-0.012312 -0.209572 0.440985
0.0167059 -0.220513 0.412945
0.0729828 -0.144585 0.0706914
0.084148 -0.148613 0.0803018
0.0466497 -0.0007688 -0.298773
0.0703807 -0.109332 0.428323
0.119696 -0.132899 0.237477
-0.0142535 -0.144884 0.0594985
-0.0608346 0.180963 -0.270876
-0.0200379 0.409217 -0.182295
-0.01409 0.40707 -0.190741
-0.0386359 0.306569 -0.134386
-0.0502902 0.137563 0.0176343
0.0876847 0.0912831 -0.0574988
0.0847319 0.0681154 -0.0425036
0.12292 -0.110916 0.237218
0.149019 -0.122482 0.206902
0.193515 -0.0289562 -0.132902
0.204758 -0.0346833 -0.124255
0.158121 0.140756 -0.491013
0.213878 -0.0187775 0.225944
0.25039 -0.0332176 0.0312661
0.227375 -0.131355 0.021891
-0.0610367 0.329023 -0.324696
-0.00705583 0.555961 -0.237435
-0.00176654 0.553686 -0.246362
-0.0251617 0.453517 -0.188877
-0.0306354 0.2837 -0.0372255
0.100435 0.233895 -0.122667
0.0978528 0.210715 -0.107622
0.150348 0.027771 0.167552
0.173808 0.0157429 0.13539
0.196919 0.110561 -0.206184
0.208577 0.104404 -0.198374
0.140935 0.281897 -0.560954
0.243117 0.116868 0.150668
0.265257 0.103253 -0.0463387
0.238414 0.00603175 -0.0546374
0.317761 0.0867338 0.173563
0.00101773 0.227986 0.0953323
0.00788702 0.226921 0.0874803
-0.00732748 0.122398 0.139878
-0.0093136 -0.0515802 0.286934
0.140143 -0.0764293 0.223677
0.139123 -0.100341 0.237821
0.177118 -0.282329 0.515726
0.207459 -0.289331 0.487379
0.267809 -0.178272 0.154309
0.279005 -0.182702 0.163701
0.238423 -0.00080398 -0.20101
0.256014 -0.177152 0.514661
0.311037 -0.180381 0.322832
0.302678 -0.280953 0.308692
0.330962 -0.19452 0.548392
0.03661 -0.246796 0.212119
0.00764007 -0.00141933 -0.00700798
-0.0183526 -0.104772 0.0430624
-0.045384 -0.276731 0.189532
0.109239 -0.309048 0.14377
0.10551 -0.332687 0.15787
0.103107 -0.510459 0.441644
0.136279 -0.519329 0.416921
0.239859 -0.416497 0.0900148
0.249741 -0.421242 0.100746
0.259484 -0.23878 -0.267788
0.18646 -0.40893 0.448509
0.263266 -0.417991 0.263476
0.252275 -0.518172 0.249261
0.256314 -0.428104 0.4913
-0.000530698 -0.474541 0.121222
-0.0569661 -0.466489 0.040722
-0.0255871 -0.103256 0.0504767
-0.051852 -0.274787 0.197581
0.102862 -0.306702 0.151801
0.0992394 -0.330305 0.165984
0.0978803 -0.507109 0.45031
0.131062 -0.515939 0.425581
0.233858 -0.413856 0.0982879
0.243769 -0.418526 0.109022
0.252525 -0.237412 -0.260074
0.180845 -0.405227 0.456749
0.25746 -0.41465 0.271691
0.246859 -0.514919 0.257815
0.250853 -0.423995 0.499505
-0.0062687 -0.472692 0.129903
-0.0628003 -0.465138 0.0494219
-0.0687082 -0.434041 0.312666
-0.0231133 -0.17287 0.146048
0.127762 -0.208092 0.0921702
0.124217 -0.231785 0.106229
0.131989 -0.413047 0.387395
0.163468 -0.42233 0.361045
0.252417 -0.318204 0.0312151
0.262676 -0.323311 0.0413735
0.257892 -0.13849 -0.325396
0.217603 -0.313832 0.39096
0.28445 -0.322236 0.202772
0.270272 -0.421874 0.188422
0.288658 -0.335472 0.429896
0.0135248 -0.370745 0.0742223
-0.0466016 -0.36074 -0.00286756
-0.038277 -0.333321 0.259694
-0.0170918 -0.301323 -0.222409
0.14241 -0.0455241 -0.0666342
0.138285 -0.0690682 -0.0524809
0.155565 -0.254732 0.225265
0.183708 -0.265879 0.196519
0.252443 -0.164409 -0.137815
0.263049 -0.170437 -0.128551
0.241874 0.0171792 -0.492797
0.247859 -0.162885 0.222454
0.297923 -0.17321 0.030099
0.274965 -0.271096 0.016696
0.319377 -0.190885 0.255373
0.0155483 -0.198943 -0.0753819
-0.0498698 -0.183816 -0.146655
-0.0171018 -0.160523 0.113264
-0.0353441 -0.125151 -0.367166
-0.00166227 -0.0723357 -0.602685
-0.00300406 -0.022571 0.015858
0.0280418 -0.187652 0.304735
0.0558036 -0.199769 0.276084
0.112619 -0.11981 -0.065236
0.123613 -0.124797 -0.0558688
0.0902286 0.0342923 -0.431065
0.116747 -0.0932034 0.293097
0.162072 -0.11522 0.101143
0.142529 -0.21428 0.0951047
0.190258 -0.116521 0.325608
-0.121278 -0.157782 0.00497293
-0.188521 -0.150066 -0.0657302
-0.151118 -0.107316 0.19129
-0.179678 -0.10702 -0.290228
-0.150428 -0.0707676 -0.529641
-0.0616706 -0.0636696 0.169906
0.0329382 -0.165867 0.288214
0.0602621 -0.178137 0.259248
0.113909 -0.0980744 -0.0824903
0.124965 -0.103165 -0.0732512
0.0886434 0.056462 -0.447898
0.12222 -0.0721578 0.275758
0.16523 -0.0941427 0.0833168
0.144808 -0.193015 0.0773716
0.195843 -0.0961763 0.307428
-0.119431 -0.134277 -0.0096981
-0.187407 -0.125979 -0.07958
-0.146742 -0.0839194 0.176971
-0.180843 -0.0828344 -0.304073
-0.154112 -0.0468113 -0.543754
-0.0572385 -0.0409152 0.15463
0.0238902 -0.0440226 0.0996408
0.0226719 -0.0162988 -0.0307053
0.0590335 0.0505424 -0.377175
0.0700052 0.0440116 -0.368679
0.0267553 0.200991 -0.743529
0.100078 0.0793445 -0.0214881
0.123745 0.049381 -0.215974
0.0888581 -0.0456046 -0.217771
0.171508 0.0450397 0.00506421
-0.171098 0.049381 -0.284554
-0.243357 0.0660096 -0.348289
-0.174685 0.105432 -0.09741
-0.250553 0.103719 -0.573726
-0.239649 0.129948 -0.816076
-0.0822955 0.13517 -0.12838
-0.00729445 0.119913 -0.189875
-0.235099 0.153862 -0.076984
0.0327511 0.0631988 -0.347499
0.0438687 0.0569471 -0.339011
-0.00392539 0.208074 -0.715533
0.0760194 0.0968887 0.00746134
0.0985882 0.0649899 -0.186837
0.0651561 -0.0304578 -0.187241
0.148184 0.0639638 0.0337715
-0.196542 0.0596466 -0.253177
-0.269403 0.0743371 -0.316665
-0.199692 0.117886 -0.0666081
-0.278451 0.109008 -0.542642
-0.269118 0.132084 -0.785529
-0.108 0.148676 -0.0986247
-0.0332479 0.13382 -0.160522
-0.260685 0.165617 -0.0463345
-0.262924 0.158075 -0.07285
0.0116828 -0.00410332 0.00892619
-0.0475933 0.130354 -0.372035
0.0254281 0.0460592 0.355076
0.0591886 0.015343 0.162279
0.0428051 -0.0844087 0.162727
0.101793 0.0265422 0.38385
-0.22767 -0.041615 0.0860946
-0.299078 -0.0403349 0.0190796
-0.24806 0.0179321 0.271112
-0.304224 -0.0104046 -0.20794
-0.288529 0.0113789 -0.450714
-0.161669 0.0635504 0.241988
-0.0832658 0.0607244 0.183155
-0.317253 0.0550546 0.287429
-0.317086 0.0467582 0.261041
-0.331019 0.0384862 0.267598
-0.0593246 0.132488 -0.381641
0.0148005 0.0520639 0.345823
0.0479271 0.020116 0.153134
0.0311072 -0.0795411 0.1542
0.0911341 0.0323664 0.37453
-0.239332 -0.0360179 0.0779335
-0.310888 -0.034825 0.0110733
-0.258982 0.0246806 0.262698
-0.316383 -0.00620727 -0.216172
-0.300987 0.0140472 -0.459178
-0.172482 0.0697571 0.233083
-0.0942539 0.0662506 0.174068
-0.32795 0.0621949 0.278998
-0.327894 0.053749 0.252648
-0.341843 0.0455729 0.259293
0.0408983 -0.0881548 0.728929
0.0929266 -0.108291 0.538215
0.0953753 -0.210468 0.535591
0.118891 -0.0937638 0.762348
-0.175576 -0.215631 0.440243
-0.2416 -0.225206 0.367499
-0.220332 -0.164969 0.62413
-0.235876 -0.18934 0.141457
-0.207809 -0.156527 -0.0986785
-0.140759 -0.103143 0.602771
-0.0582573 -0.0902195 0.550004
-0.297284 -0.140838 0.634976
-0.293554 -0.14848 0.608602
-0.306393 -0.159368 0.613777
0.0320139 -0.0390156 -0.191526
-0.00173372 -0.134336 -0.190116
0.0706471 -0.0320083 0.0309859
-0.259388 -0.0453898 -0.272289
-0.328757 -0.0322747 -0.339932
-0.271518 0.0195385 -0.0881346
-0.32537 -0.00449216 -0.567496
-0.302052 0.0119634 -0.810506
-0.178192 0.048582 -0.116764
-0.100588 0.0311217 -0.174314
-0.333006 0.0685411 -0.0726247
-0.334004 0.0600278 -0.0989452
-0.349222 0.0544805 -0.0923592
-0.0243569 -0.097926 0.00333903
0.0420989 0.0143535 0.221478
-0.290026 -0.035755 -0.0760899
-0.36094 -0.0306669 -0.14329
-0.305823 0.030792 0.107288
-0.362798 -0.00704713 -0.371489
-0.343782 0.00649683 -0.615152
-0.216159 0.0682656 0.0769854
-0.138209 0.0573389 0.0185392
-0.371565 0.0738819 0.122598
-0.372081 0.0648378 0.0964122
-0.386609 0.0579398 0.103236
0.0771954 0.109098 0.216109
-0.269161 0.0628129 -0.0655172
-0.343326 0.0683265 -0.129043
-0.276006 0.126978 0.119188
-0.356634 0.0937384 -0.356509
-0.350086 0.108343 -0.600622
-0.187869 0.165105 0.0850201
-0.112797 0.155064 0.0226602
-0.341024 0.169543 0.138265
-0.3428 0.160871 0.112013
-0.356981 0.153814 0.119448
-0.334806 -0.0193792 -0.29762
-0.404933 -0.0077846 -0.364734
-0.343278 0.0525088 -0.115419
-0.40381 0.0114027 -0.593684
-0.382355 0.0180643 -0.837955
-0.249941 0.0791881 -0.14664
-0.173435 0.058468 -0.204812
-0.403789 0.103021 -0.100582
-0.405341 0.0935701 -0.126627
-0.420541 0.0884646 -0.119574
-0.0725298 0.0117997 -0.0644385
-0.0151887 0.0385464 0.190552
-0.0820088 0.0672652 -0.285611
-0.0735754 0.115404 -0.523966
0.0725741 0.0835619 0.165137
0.15001 0.0843848 0.104809
-0.0825089 0.0760747 0.212395
-0.0829646 0.0709237 0.185328
-0.0971282 0.0625497 0.191174
0.054806 0.019371 0.256171
-0.0104359 0.0630862 -0.219029
-0.00338372 0.120026 -0.455396
0.141316 0.0681689 0.23298
0.219141 0.0736924 0.173131
-0.0139747 0.0539409 0.278784
-0.0140331 0.0497402 0.25156
-0.0279767 0.0407024 0.256984
-0.0549963 0.038951 -0.476862
-0.0377301 0.0891299 -0.714348
0.0920032 0.0366063 -0.0232119
0.170393 0.0305596 -0.0817552
-0.0637394 0.0435582 0.0209958
-0.0641754 0.0386713 -0.00611642
-0.0791533 0.031661 -0.000586311
0.00802108 0.0590626 -0.235811
0.136805 0.019541 0.456201
0.21566 0.0339216 0.398359
-0.0183375 -0.0119967 0.497351
-0.0170496 -0.0161341 0.470139
-0.030177 -0.026724 0.475092
0.113483 -0.020718 0.695358
0.192398 0.00275658 0.639179
-0.0397673 -0.0706402 0.732557
-0.0371671 -0.0748473 0.705419
-0.0492443 -0.087012 0.710046
0.0795416 -0.00773236 -0.0567424
-0.15659 0.00716288 0.041023
-0.156473 0.00102317 0.0141414
-0.171477 -0.00589902 0.0197168
-0.236169 0.0120764 0.0980502
-0.235961 0.00486725 0.0713988
-0.250747 -0.00226478 0.0772947
0.000107391 -0.0040165 -0.0272514
-0.0150571 -0.0110322 -0.022272
-0.0150571 -0.00722129 0.0050095
0.00233891 -0.00664008 0.000775057
0.0292825 0.0377441 0.0698137
0.270954 -0.0319508 -0.138989
0.44588 -0.0988357 -0.217117
0.289951 -0.24847 -0.0643101
0.263843 -0.400128 -0.0282656
0.265674 -0.0261691 -0.311335
0.298675 0.18537 -0.184906
0.305516 0.184359 -0.192793
0.273788 0.07683 -0.155725
0.240991 -0.112648 -0.032947
0.386353 -0.152494 -0.0969091
0.381091 -0.177641 -0.0858805
0.377772 -0.396181 0.170254
0.407569 -0.404576 0.141898
0.498254 -0.264443 -0.176461
0.508269 -0.271797 -0.167345
0.506421 -0.0375575 -0.509337
0.472168 -0.305955 0.18397
0.534197 -0.294449 -0.00684166
0.509991 -0.390391 -0.0333868
0.540883 -0.339049 0.218082
0.257112 -0.301864 -0.131161
0.195709 -0.276636 -0.20375
0.214367 -0.285451 0.0594896
0.221743 -0.191074 -0.415167
0.265242 -0.108666 -0.64125
0.307605 -0.243934 0.0535702
0.393751 -0.240981 0.00605327
0.146614 -0.245852 0.0756384
0.1502 -0.2478 0.048296
0.134798 -0.255698 0.0508593
0.0271916 0.0444508 0.0688982
0.268142 -0.0256285 -0.140611
0.442773 -0.0927521 -0.219211
0.287275 -0.242053 -0.0657347
0.261228 -0.393642 -0.0294256
0.262311 -0.0200883 -0.312935
0.295841 0.191601 -0.186889
0.302656 0.190574 -0.194798
0.270981 0.0831232 -0.157492
0.238486 -0.106168 -0.034382
0.383608 -0.146195 -0.0987611
0.378369 -0.171322 -0.0876861
0.375793 -0.389551 0.168657
0.405484 -0.397996 0.140221
0.495177 -0.258336 -0.178516
0.505217 -0.265685 -0.169425
0.502432 -0.0319951 -0.511669
0.470258 -0.299394 0.181957
0.53165 -0.288152 -0.0090193
0.507309 -0.384095 -0.0353603
0.539057 -0.332513 0.215869
0.254201 -0.295511 -0.132397
0.192582 -0.270348 -0.204804
0.212097 -0.278839 0.058333
0.217975 -0.185125 -0.416385
0.260809 -0.103146 -0.642698
0.305318 -0.23739 0.0520588
0.391296 -0.234554 0.00426565
0.144423 -0.239188 0.0746567
0.147916 -0.241168 0.0473094
0.132523 -0.249055 0.0499326
0.243307 -0.0808936 -0.202642
0.417807 -0.154531 -0.275578
0.253515 -0.296788 -0.124156
0.221706 -0.446877 -0.0859453
0.241908 -0.0772955 -0.375052
0.279494 0.134848 -0.250706
0.286468 0.133509 -0.258412
0.250219 0.027534 -0.22079
0.20842 -0.158987 -0.096121
0.353826 -0.204499 -0.156095
0.347495 -0.229287 -0.144794
0.331804 -0.443044 0.115113
0.3619 -0.452868 0.087614
0.463927 -0.321106 -0.230998
0.473515 -0.328624 -0.221509
0.487314 -0.098956 -0.566753
0.428765 -0.355743 0.129322
0.495189 -0.349466 -0.0600595
0.468503 -0.444959 -0.0854316
0.495681 -0.390234 0.165722
0.220281 -0.350153 -0.190813
0.161136 -0.324049 -0.265206
0.174195 -0.329232 -0.00137103
0.194609 -0.242309 -0.477428
0.246172 -0.163993 -0.703615
0.268917 -0.290904 -0.0059812
0.356142 -0.291493 -0.0515479
0.107446 -0.287177 0.0126565
0.111492 -0.289698 -0.0145829
0.0957777 -0.297032 -0.0121973
0.178325 -0.0643893 -0.0722012
0.0360725 -0.20192 0.101656
0.0232315 -0.348563 0.157089
-0.00664056 -0.018003 -0.170897
0.0130093 0.209385 -0.0755485
0.0198308 0.207732 -0.0833381
-0.00472089 0.105007 -0.0312755
-0.0227829 -0.0673095 0.116163
0.124262 -0.105031 0.0546476
0.12107 -0.128638 0.0689196
0.140488 -0.310289 0.349019
0.170261 -0.320039 0.32118
0.243447 -0.21756 -0.0121237
0.254102 -0.222847 -0.00250616
0.233627 -0.0398079 -0.368883
0.227519 -0.212792 0.348041
0.284151 -0.222087 0.157163
0.267535 -0.321357 0.143892
0.299862 -0.235988 0.383212
0.00692222 -0.26574 0.0432619
-0.0568368 -0.255009 -0.0304009
-0.0343426 -0.227531 0.230596
-0.0380511 -0.197098 -0.250969
0.000741832 -0.14363 -0.485752
0.0552174 -0.180589 0.216924
0.140051 -0.177832 0.167277
-0.104884 -0.191179 0.243225
-0.101628 -0.196467 0.216316
-0.116312 -0.205069 0.220242
-0.130902 -0.126624 0.189843
-0.135173 -0.268574 0.257864
-0.18916 0.0307802 -0.0963694
-0.174695 0.266648 -0.0224861
-0.168046 0.264505 -0.0303249
-0.187732 0.166086 0.031764
-0.194716 0.00675079 0.19472
-0.0483998 -0.0310163 0.131574
-0.0501689 -0.0533734 0.147932
-0.012312 -0.209572 0.440985
0.0167059 -0.220513 0.412945
0.0729828 -0.144585 0.0706914
0.084148 -0.148613 0.0803018
0.0466497 -0.0007688 -0.298773
0.0703807 -0.109332 0.428323
0.119696 -0.132899 0.237477
0.106919 -0.233293 0.233322
0.145228 -0.126932 0.462115
-0.159158 -0.19647 0.138172
-0.225549 -0.194739 0.0660078
-0.195462 -0.143706 0.322975
-0.215238 -0.156023 -0.159409
-0.183522 -0.122953 -0.399155
-0.10851 -0.0946424 0.302057
-0.0257179 -0.0930974 0.249265
-0.26706 -0.109024 0.335037
-0.264586 -0.116504 0.308527
-0.278738 -0.125341 0.313699
-0.0142535 -0.144884 0.0594985
-0.0608346 0.180963 -0.270876
-0.0200379 0.409217 -0.182295
-0.01409 0.40707 -0.190741
-0.0386359 0.306569 -0.134386
-0.0502902 0.137563 0.0176343
0.0876847 0.0912831 -0.0574988
0.0847319 0.0681154 -0.0425036
0.12292 -0.110916 0.237218
0.149019 -0.122482 0.206902
0.193515 -0.0289562 -0.132902
0.204758 -0.0346833 -0.124255
0.158121 0.140756 -0.491013
0.213878 -0.0187775 0.225944
0.25039 -0.0332176 0.0312661
0.227375 -0.131355 0.021891
0.287699 -0.0459349 0.254269
-0.0379167 -0.0631445 -0.0536128
-0.108065 -0.0506031 -0.120532
-0.0578991 -0.0203843 0.13563
-0.108883 0.00134866 -0.34288
-0.091053 0.0458595 -0.581556
0.0317137 0.0217224 0.112136
0.110917 0.0193348 0.0543657
-0.124716 0.0193988 0.154677
-0.124511 0.0136984 0.12771
-0.139057 0.00584765 0.133282
-0.0610367 0.329023 -0.324696
-0.00705583 0.555961 -0.237435
-0.00176654 0.553686 -0.246362
-0.0251617 0.453517 -0.188877
-0.0306354 0.2837 -0.0372255
0.100435 0.233895 -0.122667
0.0978528 0.210715 -0.107622
0.150348 0.027771 0.167552
0.173808 0.0157429 0.13539
0.196919 0.110561 -0.206184
0.208577 0.104404 -0.198374
0.140935 0.281897 -0.560954
0.243117 0.116868 0.150668
0.265257 0.103253 -0.0463387
0.238414 0.00603175 -0.0546374
0.317761 0.0867338 0.173563
-0.0293413 0.0832343 -0.110603
-0.103844 0.0980973 -0.172147
-0.0342998 0.124906 0.079932
-0.119547 0.150585 -0.393755
-0.118186 0.193914 -0.633302
0.0546406 0.164607 0.0503205
0.129449 0.160318 -0.0130659
-0.0984037 0.166255 0.104159
-0.100317 0.160862 0.0771766
-0.114645 0.153341 0.083745
0.00101773 0.227986 0.0953323
0.00788702 0.226921 0.0874803
-0.00732748 0.122398 0.139878
-0.0093136 -0.0515802 0.286934
0.140143 -0.0764293 0.223677
0.139123 -0.100341 0.237821
0.177118 -0.282329 0.515726
0.207459 -0.289331 0.487379
0.267809 -0.178272 0.154309
0.279005 -0.182702 0.163701
0.238423 -0.00080398 -0.20101
0.256014 -0.177152 0.514661
0.311037 -0.180381 0.322832
0.302678 -0.280953 0.308692
0.330962 -0.19452 0.548392
0.03661 -0.246796 0.212119
-0.0285536 -0.241031 0.139131
-0.00617632 -0.21345 0.400135
-0.016726 -0.180477 -0.0809223
0.0150305 -0.123099 -0.315546
0.0792856 -0.158719 0.38611
0.163362 -0.148423 0.335516
-0.0797677 -0.183206 0.4136
-0.076263 -0.188039 0.386632
-0.0901867 -0.197934 0.390557
0.00764007 -0.00141933 -0.00700798
-0.0183526 -0.104772 0.0430624
-0.045384 -0.276731 0.189532
0.109239 -0.309048 0.14377
0.10551 -0.332687 0.15787
0.103107 -0.510459 0.441644
0.136279 -0.519329 0.416921
0.239859 -0.416497 0.0900148
0.249741 -0.421242 0.100746
0.259484 -0.23878 -0.267788
0.18646 -0.40893 0.448509
0.263266 -0.417991 0.263476
0.252275 -0.518172 0.249261
0.256314 -0.428104 0.4913
-0.000530698 -0.474541 0.121222
-0.0569661 -0.466489 0.040722
-0.0629853 -0.436298 0.304066
-0.017103 -0.407701 -0.17807
0.0442627 -0.350847 -0.408558
0.0262975 -0.386004 0.299342
0.116218 -0.38024 0.258487
-0.136264 -0.402291 0.308894
-0.129974 -0.407796 0.282387
-0.144775 -0.416869 0.284828
-0.0255871 -0.103256 0.0504767
-0.051852 -0.274787 0.197581
0.102862 -0.306702 0.151801
0.0992394 -0.330305 0.165984
0.0978803 -0.507109 0.45031
0.131062 -0.515939 0.425581
0.233858 -0.413856 0.0982879
0.243769 -0.418526 0.109022
0.252525 -0.237412 -0.260074
0.180845 -0.405227 0.456749
0.25746 -0.41465 0.271691
0.246859 -0.514919 0.257815
0.250853 -0.423995 0.499505
-0.0062687 -0.472692 0.129903
-0.0628003 -0.465138 0.0494219
-0.0687082 -0.434041 0.312666
-0.0233108 -0.406984 -0.169583
0.0377368 -0.350756 -0.400285
0.0203775 -0.383417 0.307697
0.11024 -0.377461 0.266739
-0.142129 -0.400286 0.317441
-0.135843 -0.405862 0.290946
-0.150606 -0.414985 0.293429
-0.0231133 -0.17287 0.146048
0.127762 -0.208092 0.0921702
0.124217 -0.231785 0.106229
0.131989 -0.413047 0.387395
0.163468 -0.42233 0.361045
0.252417 -0.318204 0.0312151
0.262676 -0.323311 0.0413735
0.257892 -0.13849 -0.325396
0.217603 -0.313832 0.39096
0.28445 -0.322236 0.202772
0.270272 -0.421874 0.188422
0.288658 -0.335472 0.429896
0.0135248 -0.370745 0.0742223
-0.0466016 -0.36074 -0.00286756
-0.038277 -0.333321 0.259694
-0.0170918 -0.301323 -0.222409
0.0331099 -0.245076 -0.454953
0.0513965 -0.284957 0.250783
0.138883 -0.280747 0.205532
-0.110131 -0.297949 0.268629
-0.105365 -0.303219 0.241868
-0.120152 -0.312023 0.245003
0.14241 -0.0455241 -0.0666342
0.138285 -0.0690682 -0.0524809
0.155565 -0.254732 0.225265
0.183708 -0.265879 0.196519
0.252443 -0.164409 -0.137815
0.263049 -0.170437 -0.128551
0.241874 0.0171792 -0.492797
0.247859 -0.162885 0.222454
0.297923 -0.17321 0.030099
0.274965 -0.271096 0.016696
0.319377 -0.190885 0.255373
0.0155483 -0.198943 -0.0753819
-0.0498698 -0.183816 -0.146655
-0.0171018 -0.160523 0.113264
-0.0353441 -0.125151 -0.367166
-0.00166227 -0.0723357 -0.602685
0.0743451 -0.118785 0.0970192
0.157397 -0.120449 0.0447783
-0.0847524 -0.120415 0.128605
-0.0827201 -0.125527 0.101583
-0.0977031 -0.133312 0.105954
-0.00300406 -0.022571 0.015858
0.0280418 -0.187652 0.304735
0.0558036 -0.199769 0.276084
0.112619 -0.11981 -0.065236
0.123613 -0.124797 -0.0558688
0.0902286 0.0342923 -0.431065
0.116747 -0.0932034 0.293097
0.162072 -0.11522 0.101143
0.142529 -0.21428 0.0951047
0.190258 -0.116521 0.325608
-0.121278 -0.157782 0.00497293
-0.188521 -0.150066 -0.0657302
-0.151118 -0.107316 0.19129
-0.179678 -0.10702 -0.290228
-0.150428 -0.0707676 -0.529641
-0.0616706 -0.0636696 0.169906
0.0201165 -0.066242 0.115836
-0.219857 -0.0685194 0.205502
-0.218293 -0.0754507 0.17882
-0.232872 -0.083451 0.184082
0.0329382 -0.165867 0.288214
0.0602621 -0.178137 0.259248
0.113909 -0.0980744 -0.0824903
0.124965 -0.103165 -0.0732512
0.0886434 0.056462 -0.447898
0.12222 -0.0721578 0.275758
0.16523 -0.0941427 0.0833168
0.144808 -0.193015 0.0773716
0.195843 -0.0961763 0.307428
-0.119431 -0.134277 -0.0096981
-0.187407 -0.125979 -0.07958
-0.146742 -0.0839194 0.176971
-0.180843 -0.0828344 -0.304073
-0.154112 -0.0468113 -0.543754
-0.0572385 -0.0409152 0.15463
0.0238902 -0.0440226 0.0996408
-0.214989 -0.0446686 0.192048
-0.213784 -0.0515509 0.165342
-0.228357 -0.0594566 0.170762
0.0226719 -0.0162988 -0.0307053
0.0590335 0.0505424 -0.377175
0.0700052 0.0440116 -0.368679
0.0267553 0.200991 -0.743529
0.100078 0.0793445 -0.0214881
0.123745 0.049381 -0.215974
0.0888581 -0.0456046 -0.217771
0.171508 0.0450397 0.00506421
-0.171098 0.049381 -0.284554
-0.243357 0.0660096 -0.348289
-0.174685 0.105432 -0.09741
-0.250553 0.103719 -0.573726
-0.239649 0.129948 -0.816076
-0.0822955 0.13517 -0.12838
-0.00729445 0.119913 -0.189875
-0.235099 0.153862 -0.076984
-0.237257 0.146674 -0.103586
-0.252246 0.1409 -0.0966663
0.0327511 0.0631988 -0.347499
0.0438687 0.0569471 -0.339011
-0.00392539 0.208074 -0.715533
0.0760194 0.0968887 0.00746134
0.0985882 0.0649899 -0.186837
0.0651561 -0.0304578 -0.187241
0.148184 0.0639638 0.0337715
-0.196542 0.0596466 -0.253177
-0.269403 0.0743371 -0.316665
-0.199692 0.117886 -0.0666081
-0.278451 0.109008 -0.542642
-0.269118 0.132084 -0.785529
-0.108 0.148676 -0.0986247
-0.0332479 0.13382 -0.160522
-0.260685 0.165617 -0.0463345
-0.262924 0.158075 -0.07285
-0.277774 0.152148 -0.0657543
0.0116828 -0.00410332 0.00892619
-0.0475933 0.130354 -0.372035
0.0254281 0.0460592 0.355076
0.0591886 0.015343 0.162279
0.0428051 -0.0844087 0.162727
0.101793 0.0265422 0.38385
-0.22767 -0.041615 0.0860946
-0.299078 -0.0403349 0.0190796
-0.24806 0.0179321 0.271112
-0.304224 -0.0104046 -0.20794
-0.288529 0.0113789 -0.450714
-0.161669 0.0635504 0.241988
-0.0832658 0.0607244 0.183155
-0.317253 0.0550546 0.287429
-0.317086 0.0467582 0.261041
-0.331019 0.0384862 0.267598
-0.0593246 0.132488 -0.381641
0.0148005 0.0520639 0.345823
0.0479271 0.020116 0.153134
0.0311072 -0.0795411 0.1542
0.0911341 0.0323664 0.37453
-0.239332 -0.0360179 0.0779335
-0.310888 -0.034825 0.0110733
-0.258982 0.0246806 0.262698
-0.316383 -0.00620727 -0.216172
-0.300987 0.0140472 -0.459178
-0.172482 0.0697571 0.233083
-0.0942539 0.0662506 0.174068
-0.32795 0.0621949 0.278998
-0.327894 0.053749 0.252648
-0.341843 0.0455729 0.259293
0.0408983 -0.0881548 0.728929
0.0929266 -0.108291 0.538215
0.0953753 -0.210468 0.535591
0.118891 -0.0937638 0.762348
-0.175576 -0.215631 0.440243
-0.2416 -0.225206 0.367499
-0.220332 -0.164969 0.62413
-0.235876 -0.18934 0.141457
-0.207809 -0.156527 -0.0986785
-0.140759 -0.103143 0.602771
-0.0582573 -0.0902195 0.550004
-0.297284 -0.140838 0.634976
-0.293554 -0.14848 0.608602
-0.306393 -0.159368 0.613777
0.0320139 -0.0390156 -0.191526
-0.00173372 -0.134336 -0.190116
0.0706471 -0.0320083 0.0309859
-0.259388 -0.0453898 -0.272289
-0.328757 -0.0322747 -0.339932
-0.271518 0.0195385 -0.0881346
-0.32537 -0.00449216 -0.567496
-0.302052 0.0119634 -0.810506
-0.178192 0.048582 -0.116764
-0.100588 0.0311217 -0.174314
-0.333006 0.0685411 -0.0726247
-0.334004 0.0600278 -0.0989452
-0.349222 0.0544805 -0.0923592
-0.0243569 -0.097926 0.00333903
0.0420989 0.0143535 0.221478
-0.290026 -0.035755 -0.0760899
-0.36094 -0.0306669 -0.14329
-0.305823 0.030792 0.107288
-0.362798 -0.00704713 -0.371489
-0.343782 0.00649683 -0.615152
-0.216159 0.0682656 0.0769854
-0.138209 0.0573389 0.0185392
-0.371565 0.0738819 0.122598
-0.372081 0.0648378 0.0964122
-0.386609 0.0579398 0.103236
0.0771954 0.109098 0.216109
-0.269161 0.0628129 -0.0655172
-0.343326 0.0683265 -0.129043
-0.276006 0.126978 0.119188
-0.356634 0.0937384 -0.356509
-0.350086 0.108343 -0.600622
-0.187869 0.165105 0.0850201
-0.112797 0.155064 0.0226602
-0.341024 0.169543 0.138265
-0.3428 0.160871 0.112013
-0.356981 0.153814 0.119448
-0.334806 -0.0193792 -0.29762
-0.404933 -0.0077846 -0.364734
-0.343278 0.0525088 -0.115419
-0.40381 0.0114027 -0.593684
-0.382355 0.0180643 -0.837955
-0.249941 0.0791881 -0.14664
-0.173435 0.058468 -0.204812
-0.403789 0.103021 -0.100582
-0.405341 0.0935701 -0.126627
-0.420541 0.0884646 -0.119574
-0.0725298 0.0117997 -0.0644385
-0.0151887 0.0385464 0.190552
-0.0820088 0.0672652 -0.285611
-0.0735754 0.115404 -0.523966
0.0725741 0.0835619 0.165137
0.15001 0.0843848 0.104809
-0.0825089 0.0760747 0.212395
-0.0829646 0.0709237 0.185328
-0.0971282 0.0625497 0.191174
0.054806 0.019371 0.256171
-0.0104359 0.0630862 -0.219029
-0.00338372 0.120026 -0.455396
0.141316 0.0681689 0.23298
0.219141 0.0736924 0.173131
-0.0139747 0.0539409 0.278784
-0.0140331 0.0497402 0.25156
-0.0279767 0.0407024 0.256984
-0.0549963 0.038951 -0.476862
-0.0377301 0.0891299 -0.714348
0.0920032 0.0366063 -0.0232119
0.170393 0.0305596 -0.0817552
-0.0637394 0.0435582 0.0209958
-0.0641754 0.0386713 -0.00611642
-0.0791533 0.031661 -0.000586311
0.00802108 0.0590626 -0.235811
0.136805 0.019541 0.456201
0.21566 0.0339216 0.398359
-0.0183375 -0.0119967 0.497351
-0.0170496 -0.0161341 0.470139
-0.030177 -0.026724 0.475092
0.113483 -0.020718 0.695358
0.192398 0.00275658 0.639179
-0.0397673 -0.0706402 0.732557
-0.0371671 -0.0748473 0.705419
-0.0492443 -0.087012 0.710046
0.0795416 -0.00773236 -0.0567424
-0.15659 0.00716288 0.041023
-0.156473 0.00102317 0.0141414
-0.171477 -0.00589902 0.0197168
-0.236169 0.0120764 0.0980502
-0.235961 0.00486725 0.0713988
-0.250747 -0.00226478 0.0772947
0.000107391 -0.0040165 -0.0272514
-0.0150571 -0.0110322 -0.022272
-0.0150571 -0.00722129 0.0050095
