0.00273665 -0.00632526 0.000392216
0.00781746 -0.0123131 0.0026518
0.0159949 -0.023567 0.0040703
0.0185614 -0.0309428 0.00409901
0.0107982 -0.0371293 -4.1953e-05
0.0216697 -0.0470097 0.0105177
0.0182925 -0.0489189 -0.00382567
0.02566 -0.0527216 0.00463352
0.0282152 -0.0583443 0.00382989
0.0053089 -0.00590354 0.00211235
0.0128089 -0.0175368 0.00287203
0.0151046 -0.0251287 0.00246506
0.00777847 -0.0309825 -0.00100149
0.0187371 -0.0407957 0.00984291
0.0145764 -0.0431631 -0.00500761
0.0224117 -0.0467918 0.00302762
0.0249417 -0.0524311 0.00220252
0.021559 -0.0601951 -0.000571749
0.00642972 -0.012692 0.000616108
0.00823009 -0.020787 0.000118974
0.00107641 -0.0257872 -0.00264221
0.0114405 -0.0356292 0.00920645
0.00712707 -0.0389745 -0.00696106
0.0151871 -0.0424599 0.000553907
0.0175318 -0.0482186 -0.000171231
0.0139455 -0.0557307 -0.00253294
0.0153356 -0.0634554 -0.00374312
0.00213904 -0.00823054 -0.000510966
-0.00340194 -0.0134564 -0.00114235
0.00879638 -0.0205397 0.0116074
0.00221057 -0.0272757 -0.00433068
0.0111804 -0.0287458 0.002453
0.0139836 -0.0343021 0.00231415
0.0114893 -0.0421154 0.00139688
0.0147873 -0.0492704 0.00137944
0.0162723 -0.055846 0.00571396
-0.00451072 -0.00528884 0.000643253
0.00875652 -0.0107449 0.0136685
0.000291296 -0.0194581 -0.00138248
0.00958553 -0.0199375 0.00499083
0.0125189 -0.0254025 0.00525528
0.0106095 -0.0332913 0.00526227
0.0150706 -0.0401774 0.00585014
0.0166728 -0.0462327 0.0100934
0.0135426 -0.0515084 0.00765213
0.0133903 -0.0076157 0.0114837
0.00268499 -0.0137772 -0.00263262
0.0126627 -0.0156825 0.00334696
0.015106 -0.0213752 0.00300761
0.012561 -0.0291484 0.00249736
0.0165905 -0.0366959 0.00209903
0.01757 -0.043139 0.00552716
0.013821 -0.0479496 0.00294028
0.0128385 -0.0582417 0.00909479
-0.0111211 -0.00761859 -0.0154605
0.00102617 -0.00943442 -0.011852
0.00328587 -0.0152744 -0.0124537
5.02865e-05 -0.0224744 -0.0121652
0.00337079 -0.0290534 -0.0118117
0.00377617 -0.036957 -0.00867292
-0.000356711 -0.0415179 -0.0109039
-0.00122226 -0.0502574 -0.00390655
0.00138652 -0.0565221 -0.00378065
0.00984779 -0.000573059 0.0065088
0.0130043 -0.00587346 0.00629668
0.0121009 -0.0138427 0.00572879
0.0184026 -0.0206362 0.00586733
0.0196001 -0.0268364 0.00806464
0.016928 -0.0320231 0.00504899
0.019032 -0.0424525 0.0106776
0.022579 -0.0478432 0.010935
0.0427877 -0.0516197 0.0139972
0.00290908 -0.00549306 0.000110101
0.00138395 -0.0130752 -8.86305e-05
0.00683715 -0.0193055 0.00169309
0.007419 -0.0262116 0.00411693
0.00482296 -0.0312095 0.000934876
0.00551715 -0.0400216 0.00804602
0.00875779 -0.0457474 0.00877883
0.0285384 -0.0523995 0.0133172
0.0301316 -0.059773 0.0117942
-0.00136078 -0.0075151 3.43806e-05
0.00453739 -0.0135265 0.00214263
0.00499495 -0.0204846 0.00419966
0.00246564 -0.0254804 0.00106301
0.00402896 -0.0339381 0.00836769
0.0072134 -0.0396771 0.00903944
0.0260399 -0.0466517 0.0132827
0.0276942 -0.0540088 0.0117529
0.0433118 -0.0501608 0.00490185
0.00635807 -0.00630123 0.00169235
0.00648017 -0.0132762 0.00307891
0.00372521 -0.0181676 1.11386e-05
0.00634581 -0.0270623 0.00685118
0.00926123 -0.0328705 0.00720304
0.0268031 -0.0401646 0.0104146
0.0281959 -0.0475662 0.00870277
0.0423674 -0.0439096 0.00141778
0.0233627 -0.0757153 0.00979453
-0.000553667 -0.00730538 0.00100312
-0.00386998 -0.011873 -0.00178361
-0.000584357 -0.0201892 0.00519116
0.00175288 -0.0262988 0.00522922
0.0177807 -0.0361639 0.00664447
0.0184694 -0.043621 0.00477814
0.0315522 -0.0423882 -0.00405461
0.0127374 -0.0700347 0.00562705
0.0210055 -0.0727262 0.0100172
-0.00315758 -0.00485965 -0.00237946
0.00157308 -0.0126909 0.00486323
0.00403453 -0.0186958 0.00515481
0.0191362 -0.0277528 0.00681566
0.0201001 -0.0352864 0.00541651
0.0315566 -0.0342712 -0.00332547
0.0166898 -0.0619329 0.00813108
0.0243907 -0.0638787 0.0123819
0.0262677 -0.0824063 0.0086804
0.0055823 -0.00834215 0.00683301
0.00793541 -0.0142845 0.00702086
0.0220646 -0.0228444 0.0085793
0.0229733 -0.0303914 0.00714066
0.0332466 -0.0290227 -0.00137461
0.0201311 -0.0575805 0.0099166
0.0274205 -0.0592312 0.0139827
0.0291808 -0.0777869 0.0101725
0.0282001 -0.0876985 0.0101856
0.00130796 -0.00634833 9.11427e-05
0.0130107 -0.018013 0.000510897
0.0127417 -0.0256851 -0.000837682
0.0218044 -0.0272296 -0.0105096
0.00778164 -0.0510623 0.00214915
0.0141548 -0.0545186 0.00593276
0.0127017 -0.0730588 0.00305383
0.0114055 -0.0820738 0.00217366
0.0352049 -0.097054 -0.0129554
0.0107879 -0.0117738 0.000342731
0.0106565 -0.0194489 -0.000948478
0.018551 -0.0214259 -0.0106228
0.00718612 -0.0445828 0.00221892
0.013009 -0.0480278 0.00595564
0.0118323 -0.0666023 0.00344435
0.0113571 -0.0755219 0.00235196
0.0344107 -0.0904968 -0.0115664
0.0289684 -0.0931328 -0.0203496
0.00128629 -0.00750322 -0.0012201
0.0078524 -0.0104344 -0.0109993
0.0040631 -0.0310552 0.002046
0.00912953 -0.0343057 0.00589191
0.0112598 -0.052816 0.00405301
0.0137664 -0.0608576 0.00254701
0.0375917 -0.0729742 -0.00778159
0.0326817 -0.0768563 -0.0162832
0.033496 -0.0872183 -4.88798e-05
0.00507562 -0.00338775 -0.00965282
0.00393127 -0.0233874 0.00331606
0.00826144 -0.0266902 0.0070725
0.0103686 -0.0452268 0.00545696
0.0136042 -0.0531767 0.00370611
0.0362906 -0.0658372 -0.0052603
0.0311228 -0.0698534 -0.0134902
0.0327461 -0.0799507 0.00257868
0.0614801 -0.0757426 0.0043602
0.00337094 -0.0184192 0.0126552
0.00779898 -0.0211826 0.0165069
0.0139489 -0.0391987 0.0146248
0.0188223 -0.0459479 0.0129805
0.0437472 -0.0560642 0.00623023
0.0398019 -0.061083 -0.00235799
0.042471 -0.0710447 0.0138428
0.0685344 -0.0623563 0.0177805
0.0774142 -0.0585938 0.0102286
0.00123606 -0.00420527 0.00358073
6.91949e-05 -0.0227824 0.00274665
0.00472956 -0.0309216 5.43166e-05
0.0215662 -0.047627 -0.00458414
0.0152021 -0.050932 -0.0122555
0.0175422 -0.06034 0.00309571
0.041335 -0.0629721 0.00582811
0.0491683 -0.0641351 -0.00255395
0.0208192 -0.0802609 0.0158665
0.00047876 -0.018544 -0.00047948
0.00651055 -0.0262783 -0.00331442
0.0241081 -0.0408107 -0.0070428
0.0179056 -0.0447542 -0.0144021
0.0220023 -0.0536965 0.000958814
0.0445433 -0.0537919 0.00384501
0.051651 -0.0544163 -0.00455177
0.0273391 -0.0731045 0.0138645
0.0348678 -0.077848 0.0150422
0.00788412 -0.00771041 -0.00390365
0.0227267 -0.0223425 -0.00529161
0.015651 -0.026333 -0.0117509
0.0226269 -0.0352889 0.00265635
0.0409194 -0.0356907 0.00542626
0.0454219 -0.0366634 -0.00331849
0.0281381 -0.0547855 0.0142786
0.0351253 -0.0595092 0.0144158
0.029945 -0.0658154 0.010356
0.0119992 -0.0182078 0.00109918
0.00455837 -0.0220587 -0.00544155
0.0104939 -0.030027 0.00915246
0.0269907 -0.0350343 0.0129699
0.0312177 -0.0380463 0.00426902
0.0129544 -0.0495707 0.021054
0.0191878 -0.0551611 0.0215127
0.0137259 -0.0610856 0.0179038
0.0177029 -0.0672447 0.0166101
-0.00742021 -0.00417146 -0.00666095
0.00202118 -0.0117855 0.00586683
0.0152129 -0.017934 0.00908131
0.0176522 -0.0204834 -0.000570853
0.00745522 -0.0325369 0.0133323
0.0140214 -0.0375151 0.0122017
0.0103005 -0.0426893 0.00983965
0.0149381 -0.0479759 0.00767235
0.0178629 -0.053648 0.00787624
0.00999165 -0.00851685 0.0123283
0.0222161 -0.0128525 0.0157112
0.0239726 -0.014176 0.00615534
0.015801 -0.0289669 0.0191946
0.0224197 -0.0332356 0.0177956
0.0190696 -0.0396133 0.015683
0.0238562 -0.0445881 0.0133801
0.0269835 -0.0502489 0.0134296
0.00984301 -0.00779133 0.00366563
0.0110802 -0.0109408 -0.00618277
0.00327592 -0.0214957 0.00678788
0.00902972 -0.0273533 0.00533884
0.00553591 -0.0313214 0.00414448
0.00953741 -0.0370182 0.00202128
0.011926 -0.0428819 0.00232034
0.001509 -0.00367521 -0.010245
-0.00154296 -0.0129719 0.00204321
0.00534491 -0.0176883 0.000174571
0.00316569 -0.0214985 -7.49818e-05
0.00839015 -0.0261653 -0.00220701
0.012133 -0.0313056 -0.00188497
-0.000879948 -0.00851336 0.0120717
0.00643409 -0.012079 0.0102237
0.00510893 -0.0173593 0.0104828
0.010921 -0.0214652 0.00854579
0.0153187 -0.0262734 0.00905198
0.0052598 -0.00622298 -0.00185518
0.00290642 -0.00930238 -0.000457756
0.00673379 -0.015078 -0.00220415
0.00922432 -0.0208409 -0.00139811
-0.00197719 -0.00306443 0.00221535
0.00193174 -0.00887142 0.000700005
0.00460582 -0.0145413 0.00178668
0.00359853 -0.00573042 -0.00216963
0.00598802 -0.011583 -0.00172839
0.00248442 -0.0058302 0.000489264
0.00273471 -0.00632244 0.000392544
0.00719951 -0.0115749 0.00230682
0.0170579 -0.0243535 0.00599176
0.0203527 -0.0320762 0.00786482
0.0118348 -0.0370666 0.00411144
0.0228996 -0.0467928 0.0158374
0.0204595 -0.051388 -0.00228639
0.0264011 -0.0539183 0.00419206
0.0289953 -0.0596014 0.00337235
0.0255229 -0.0671205 0.0011495
0.0262207 -0.0742622 0.000301175
0.0285475 -0.0812885 0.00667387
0.0246544 -0.0855202 0.00304693
0.0158511 -0.0952465 0.00944616
0.0193849 -0.101362 0.0100336
0.0498657 -0.110673 0.0135277
0.00469287 -0.00516796 0.00176737
0.0138741 -0.0183266 0.00479321
0.0168985 -0.0262659 0.00623065
0.00881765 -0.0309236 0.00315164
0.0199697 -0.0405828 0.0151622
0.0167456 -0.0456355 -0.00346909
0.0231547 -0.0479913 0.00258608
0.0257238 -0.0536909 0.0017449
0.0223169 -0.061128 -0.000224166
0.0233332 -0.0680635 -0.000710878
0.0254371 -0.0752543 0.005272
0.0215691 -0.0794632 0.00169519
0.0135169 -0.0888264 0.00834118
0.0169496 -0.094992 0.00885241
0.0464543 -0.104825 0.0119517
0.0466292 -0.112082 0.00965186
0.0080865 -0.0141381 0.00300621
0.01059 -0.0225216 0.0044173
0.00268478 -0.0263765 0.00191591
0.0132317 -0.0360689 0.0148779
0.00989426 -0.0420929 -0.00490078
0.0165359 -0.0443073 0.000658673
0.0189194 -0.0501244 -7.81094e-05
0.0153062 -0.0573219 -0.00167866
0.0162634 -0.0638943 -0.00138572
0.0178379 -0.0713614 0.00454456
0.0139423 -0.0754487 0.00100194
0.00596816 -0.0836807 0.008304
0.00912298 -0.0900295 0.00896597
0.0375524 -0.101765 0.0123634
0.0375864 -0.109024 0.0101675
0.0646403 -0.107113 0.000895389
0.00281184 -0.00850182 0.00132778
-0.00363995 -0.0123237 0.00105576
0.00862198 -0.0190475 0.0150374
0.0033883 -0.0289842 -0.00450139
0.011108 -0.0295176 5.43535e-05
0.0139561 -0.0351407 -9.54094e-05
0.011332 -0.0424802 -0.000209537
0.0140055 -0.0482071 0.00129828
0.0160534 -0.055073 0.00699732
0.0126385 -0.0598304 0.00419326
0.00815808 -0.0670503 0.012568
0.0118321 -0.0730071 0.0135382
0.0386429 -0.082324 0.0165323
0.0394875 -0.0896666 0.0150549
0.0627733 -0.0876677 0.00518602
0.0240804 -0.115711 0.0158297
-0.00555673 -0.00370852 0.00096773
0.00767724 -0.0086609 0.0152492
0.000837454 -0.0209087 -0.00327044
0.00901343 -0.0206784 0.000757727
0.0119965 -0.0262157 0.0010149
0.00988001 -0.0335272 0.00181249
0.0135753 -0.0388078 0.00387019
0.0157531 -0.0451711 0.00947746
0.0125328 -0.050254 0.00722007
0.0101522 -0.0566792 0.0160652
0.0139834 -0.0624102 0.0172784
0.039427 -0.0706917 0.0201466
0.040576 -0.0780805 0.0192159
0.0614998 -0.0766638 0.00915219
0.0279666 -0.104344 0.0224018
0.0418965 -0.105741 0.0278558
0.0134093 -0.00720895 0.0126739
0.00410018 -0.0166467 -0.0050812
0.0128679 -0.0176233 -0.00119722
0.0153604 -0.0233888 -0.00154761
0.0126517 -0.0306486 -0.00127608
0.0160111 -0.0367028 -0.00014505
0.0176683 -0.0435875 0.00467235
0.0138414 -0.0482191 0.00227807
0.0113352 -0.0556497 0.0104424
0.0145407 -0.0617299 0.0110566
0.0389533 -0.0719066 0.0120831
0.0393032 -0.0793508 0.010638
0.0598174 -0.0784998 -0.000495198
0.0247662 -0.105054 0.012728
0.0384782 -0.107914 0.017405
0.0400046 -0.126484 0.0123376
-0.00978835 -0.01086 -0.0192474
0.00114548 -0.0117079 -0.0176403
0.00345587 -0.0176241 -0.0182567
5.48668e-05 -0.0243026 -0.0171706
0.00271838 -0.0293819 -0.0152199
0.00387912 -0.0378452 -0.0107177
-0.000328763 -0.0422281 -0.0127479
-0.00266414 -0.0481241 -0.00358313
0.000193785 -0.0546618 -0.00325037
0.0238154 -0.0680883 -0.00449148
0.0238501 -0.075558 -0.0060437
0.0440195 -0.077353 -0.0194164
0.0100576 -0.098657 -0.00394629
0.0231715 -0.103513 6.64285e-05
0.0231885 -0.121901 -0.00450395
0.0154568 -0.129064 -0.0040904
0.00859599 0.000315584 0.0041425
0.0117964 -0.00505228 0.00391391
0.010768 -0.0125278 0.00422189
0.0164549 -0.0178648 0.00600081
0.0181791 -0.0243437 0.00945598
0.0154332 -0.0293534 0.00664281
0.0160302 -0.0369429 0.0142859
0.0197888 -0.0425537 0.0147515
0.0421193 -0.0496221 0.0169185
0.0437258 -0.0568454 0.0151967
0.060917 -0.0535493 0.00594023
0.0358292 -0.0842705 0.0160084
0.047722 -0.0852856 0.0210068
0.0523173 -0.103459 0.0154807
0.0467433 -0.113083 0.0160685
0.083137 -0.121395 -0.00534247
0.00294975 -0.00555261 0.000102681
0.00131657 -0.0126947 0.000698096
0.00616646 -0.0175538 0.00392995
0.00716865 -0.0245491 0.0077232
0.00449755 -0.029376 0.00472262
0.00364495 -0.035405 0.0135397
0.00707868 -0.0413109 0.0145193
0.0289628 -0.0510943 0.0185332
0.0304608 -0.0583222 0.0170447
0.0492356 -0.0576231 0.00850509
0.0213177 -0.0833805 0.0173425
0.0325786 -0.0858944 0.0235353
0.0369036 -0.104275 0.0192181
0.0310305 -0.112265 0.0190916
0.0687458 -0.124394 0.00123484
0.0678858 -0.127421 -0.0106448
-0.00147015 -0.00707264 0.000829986
0.00382193 -0.0117089 0.00438861
0.00469611 -0.0187521 0.00781206
0.00209138 -0.0235764 0.00485682
0.0021037 -0.0292468 0.0138626
0.00548069 -0.0351653 0.014781
0.0264125 -0.0452718 0.0185054
0.0279713 -0.0524831 0.0170092
0.0457312 -0.05231 0.00828946
0.0199536 -0.0771555 0.017427
0.0306547 -0.0798259 0.0234752
0.0350357 -0.0982091 0.0193624
0.0299014 -0.105967 0.0190608
0.0666611 -0.11842 0.00218468
0.0656146 -0.121595 -0.0095248
0.0555437 -0.134333 0.00668115
0.00575949 -0.00492565 0.00317278
0.00636052 -0.0120702 0.00593303
0.00353206 -0.0167913 0.00305081
0.00463209 -0.0229052 0.0116909
0.00775044 -0.0289097 0.0122828
0.0274019 -0.0393834 0.0148604
0.0287031 -0.0466418 0.0131906
0.0449861 -0.0466633 0.00391009
0.0212517 -0.0713657 0.0136375
0.0314169 -0.0743157 0.019069
0.0349062 -0.0927153 0.0146099
0.0304411 -0.100574 0.0141836
0.0650298 -0.113017 -0.00329073
0.0631772 -0.115901 -0.0146738
0.054491 -0.128705 0.00149851
0.0977328 -0.122914 0.00628878
4.0995e-05 -0.00762092 0.00242014
-0.003347 -0.0120202 -0.000179416
-0.00154273 -0.0175689 0.00870949
0.00101657 -0.0239031 0.00898324
0.0191731 -0.0370238 0.00962969
0.0197779 -0.0443425 0.00782167
0.0349285 -0.046786 -0.0031699
0.0114265 -0.0672345 0.00828592
0.021137 -0.0718094 0.0130409
0.022637 -0.0903058 0.00872432
0.0182527 -0.0970296 0.00770279
0.0498911 -0.112136 -0.0114981
0.0468845 -0.114857 -0.0225593
0.0392804 -0.126164 -0.00648416
0.0823105 -0.125563 -0.00478661
0.0994162 -0.123153 -0.0119143
-0.00324198 -0.00467562 -0.002198
-0.0001244 -0.00959632 0.0068459
0.00256311 -0.0158288 0.00738036
0.019905 -0.0282444 0.00841768
0.0207847 -0.0356429 0.00706632
0.0344639 -0.0384448 -0.00362601
0.0147186 -0.0587904 0.0091942
0.0238909 -0.0626256 0.0139053
0.0259991 -0.0812368 0.010862
0.0227316 -0.0883637 0.0101603
0.0533781 -0.103309 -0.00709226
0.0500596 -0.106886 -0.0175244
0.0440742 -0.117468 -0.00089451
0.0850555 -0.115011 0.000730558
0.100906 -0.112595 -0.00652002
0.0507482 -0.137068 0.0142007
0.00397183 -0.00543153 0.00864452
0.00655308 -0.0116044 0.00907503
0.0229258 -0.0235318 0.00999796
0.0237511 -0.0309444 0.00860886
0.0362443 -0.033394 -0.00187131
0.0182534 -0.0546253 0.0108243
0.0270171 -0.0581734 0.0153396
0.0290066 -0.0768128 0.0121799
0.0260814 -0.0842549 0.0115093
0.0558199 -0.0992331 -0.00532688
0.0522222 -0.102753 -0.0155519
0.0468128 -0.113631 0.00104144
0.0867642 -0.110857 0.00246482
0.101962 -0.108284 -0.00489757
0.0533419 -0.133164 0.0159456
0.0631842 -0.136997 0.0197573
0.00155753 -0.00660513 0.000344128
0.0155563 -0.0217128 0.000122623
0.0152135 -0.0292559 -0.00115526
0.0264884 -0.0346241 -0.0128362
0.00760693 -0.0510548 0.00149872
0.0154831 -0.0564746 0.00566015
0.0142253 -0.0750948 0.00331133
0.01105 -0.0816219 0.00204997
0.0367691 -0.100331 -0.015951
0.0318563 -0.103437 -0.0256954
0.0270528 -0.112422 -0.00923256
0.0665392 -0.117034 -0.0106511
0.0814183 -0.118056 -0.0192608
0.0319685 -0.13317 0.00501794
0.0411522 -0.138975 0.0082119
0.0302178 -0.14366 -0.00663786
0.0131001 -0.0152336 -0.000282439
0.0128947 -0.0227804 -0.00150575
0.0230277 -0.0286069 -0.0131589
0.00677264 -0.0443433 0.00128888
0.0141019 -0.0497509 0.00541914
0.0131143 -0.068392 0.0034509
0.0107619 -0.074841 0.00193679
0.0357476 -0.0935338 -0.0147758
0.0306521 -0.0968977 -0.024227
0.0268439 -0.105561 -0.00790261
0.0647955 -0.110005 -0.00906566
0.0788523 -0.111211 -0.0177147
0.0320059 -0.126079 0.00625994
0.0410787 -0.13174 0.00923359
0.0305371 -0.136726 -0.00474454
0.0357065 -0.142697 -0.00684907
0.00120426 -0.00737334 -0.00117831
0.0100819 -0.0142252 -0.0128514
0.0013087 -0.0274221 0.00144903
0.00786923 -0.03259 0.00576519
0.0101993 -0.0511297 0.00461309
0.0107824 -0.0567647 0.00233144
0.0368223 -0.072711 -0.0100136
0.0323191 -0.0773578 -0.0190539
0.0312489 -0.0851988 -0.00313084
0.0652608 -0.0855485 -0.00191104
0.0775515 -0.0857372 -0.0101311
0.0389806 -0.104432 0.0108834
0.0483311 -0.108585 0.0135721
0.0401023 -0.115373 0.00171082
0.0460931 -0.120523 3.75878e-05
0.0489924 -0.126082 0.00017514
0.00739705 -0.00731288 -0.0115211
0.00125699 -0.0198882 0.00265901
0.00708298 -0.0251062 0.00689837
0.00938678 -0.0436692 0.00596544
0.0107005 -0.0492172 0.00343242
0.0356021 -0.0657091 -0.0075527
0.0308418 -0.0704908 -0.0163209
0.0305799 -0.0780694 -0.000572606
0.0628757 -0.0789522 0.000902069
0.0743077 -0.0794931 -0.00737574
0.038051 -0.0971991 0.0132076
0.047165 -0.101347 0.015644
0.0392834 -0.108331 0.00465806
0.0451572 -0.113532 0.00301839
0.0480565 -0.11912 0.00324175
-0.00161389 -0.0110753 0.0136871
0.00426687 -0.0156855 0.0180443
0.0106467 -0.0337233 0.0169856
0.0135419 -0.0381054 0.0142468
0.0410327 -0.0522492 0.00628637
0.037561 -0.0580788 -0.0027107
0.0383071 -0.0655547 0.0129343
0.0679714 -0.0619017 0.0168668
0.0784536 -0.0604421 0.00914244
0.0478426 -0.0830898 0.0265128
0.05728 -0.0851483 0.029039
0.0518785 -0.0947533 0.0189104
0.0587121 -0.0988497 0.0176844
0.0626586 -0.104004 0.0181678
0.00273874 -0.00610218 0.0041404
0.00175957 -0.0247453 0.00384572
0.00451107 -0.0304375 0.000545423
0.0234849 -0.0510661 -0.00666365
0.0175082 -0.0551408 -0.0149622
0.0179791 -0.0620096 0.00018667
0.0453079 -0.0697243 0.00253527
0.0547888 -0.0732212 -0.0059307
0.021427 -0.082113 0.0131121
0.0290788 -0.0879336 0.0151556
0.0212976 -0.0932012 0.0058459
0.0259537 -0.0994127 0.00431268
0.0278749 -0.105397 0.00472613
0.000662365 -0.0185741 0.00014283
0.00477995 -0.0239083 -0.00344962
0.0245839 -0.042325 -0.00937589
0.0187874 -0.0470417 -0.0173
0.0209992 -0.0534668 -0.00226247
0.0471166 -0.0586462 0.000391526
0.0558857 -0.0616203 -0.00808028
0.0264987 -0.0730901 0.0106764
0.0344765 -0.0782546 0.0124223
0.0275589 -0.0839876 0.00425439
0.0326804 -0.0897384 0.00281182
0.0352012 -0.0954756 0.0033849
0.00598567 -0.00529706 -0.00456444
0.0229256 -0.0237053 -0.00827205
0.0162346 -0.0284471 -0.015318
0.0213434 -0.0348759 -0.00113839
0.0431755 -0.0403794 0.00120939
0.0493362 -0.0437284 -0.00769612
0.0270339 -0.0546183 0.010497
0.0344885 -0.0597981 0.0111765
0.0283821 -0.065471 0.00529947
0.0332149 -0.0711745 0.00360081
0.0358423 -0.0769109 0.00412808
0.0141491 -0.022132 -0.00142555
0.00710253 -0.026758 -0.00858131
0.0111626 -0.032202 0.005745
0.0312346 -0.042291 0.00933162
0.0371372 -0.0476422 0.000639666
0.0138138 -0.0519437 0.0178348
0.020513 -0.057946 0.0189511
0.014131 -0.06336 0.0132108
0.0182953 -0.0697842 0.0119083
0.0202254 -0.0758047 0.0127601
-0.00704757 -0.00492447 -0.00729866
0.000552725 -0.00995805 0.00524787
0.0171105 -0.0211647 0.00749313
0.0210661 -0.0260108 -0.00264537
0.00605106 -0.0308249 0.012643
0.0130313 -0.036218 0.0119628
0.00851805 -0.0408735 0.00798278
0.013335 -0.0464253 0.00577527
0.0162257 -0.0520849 0.00588305
0.00815778 -0.00593074 0.0123902
0.0237074 -0.0153092 0.0146892
0.0269463 -0.0189116 0.00456554
0.0140017 -0.0264717 0.0191394
0.0210184 -0.0311467 0.018153
0.016919 -0.0370308 0.0145187
0.0218834 -0.0422704 0.0121709
0.0249804 -0.0479213 0.0121312
0.0131861 -0.0128211 0.00268632
0.0159251 -0.0182303 -0.00760229
0.00334007 -0.0215658 0.00684159
0.0095088 -0.0278128 0.00591648
0.00521228 -0.0313266 0.00288719
0.00939193 -0.0372878 0.00072172
0.0117452 -0.0431437 0.000906901
0.00297049 -0.0059381 -0.0108491
-0.00490507 -0.00801379 0.00275251
0.00233814 -0.0131089 0.00120818
-0.000452148 -0.0165188 -0.000288371
0.00495188 -0.0214496 -0.00245622
0.00867533 -0.0265871 -0.00220103
-0.00577788 -0.00130073 0.0130767
0.00185841 -0.00522898 0.0114702
3.58501e-05 -0.0101697 0.0107517
0.00603009 -0.014539 0.00879047
0.0104171 -0.0193487 0.00925191
0.00566236 -0.00658577 -0.00130582
0.00255821 -0.00929572 -0.00177685
0.00656795 -0.0153354 -0.0035484
0.00902661 -0.0210955 -0.00285706
-0.00271656 -0.00270159 0.000372488
0.00137751 -0.0087727 -0.00115746
0.00402025 -0.0144393 -0.000182183
0.00377496 -0.00599327 -0.00221419
0.00613426 -0.0118455 -0.00188806
0.00245497 -0.00583007 0.000376536
0.00273489 -0.00631751 0.000396869
0.00704557 -0.0105343 0.00160876
0.0172167 -0.0260536 0.00634848
0.0206956 -0.0346657 0.00926226
0.0122744 -0.0376167 0.00751022
0.0235638 -0.0470641 0.0212961
0.0207249 -0.055522 -0.00244101
0.0261712 -0.0562105 0.000917981
0.0287642 -0.0619901 3.28753e-05
0.0254279 -0.0689892 -0.000738185
0.0263217 -0.0743839 0.00108454
0.0287766 -0.0822038 0.00808078
0.0249056 -0.0862237 0.00476282
0.0162187 -0.0922763 0.0142778
0.0197855 -0.0987734 0.0149226
0.0503262 -0.112715 0.016237
0.0504679 -0.119795 0.0139735
0.0785436 -0.120106 0.00165709
0.0279713 -0.141756 0.0115039
0.0450581 -0.14764 0.0175255
0.0468853 -0.165875 0.0102107
0.0329468 -0.171309 0.0104258
0.0773343 -0.185791 -0.0224544
0.0770608 -0.186959 -0.0364628
0.0592137 -0.199629 -0.0202903
0.120297 -0.200093 -0.0196337
0.145998 -0.196036 -0.0254973
0.0650992 -0.22227 -0.00531261
0.0769804 -0.227768 0.00169522
0.0640994 -0.23038 -0.0260055
0.0713187 -0.235525 -0.028427
0.0733901 -0.241143 -0.0303162
0.00453879 -0.00413218 0.00106527
0.0140328 -0.0200323 0.00514591
0.0172414 -0.0288615 0.00762437
0.00925729 -0.03148 0.00654668
0.0206339 -0.0408607 0.0206171
0.0170108 -0.049775 -0.00362824
0.0229246 -0.0502883 -0.000692096
0.0254926 -0.0560844 -0.00159869
0.0222218 -0.0630019 -0.00211592
0.0234341 -0.0681909 6.86779e-05
0.0256662 -0.0761755 0.00667532
0.0218202 -0.0801728 0.00340753
0.0138846 -0.0858628 0.01317
0.0173503 -0.0924104 0.0137387
0.0469148 -0.106874 0.0146574
0.0470786 -0.113946 0.0123703
0.0742268 -0.114877 -0.000241775
0.0256758 -0.135392 0.00996455
0.0421487 -0.141569 0.015826
0.0438609 -0.159813 0.00872651
0.0307313 -0.164948 0.00869518
0.0740671 -0.179746 -0.0232615
0.0735825 -0.181002 -0.037102
0.0565517 -0.193293 -0.0210279
0.116199 -0.194521 -0.0204582
0.141262 -0.190929 -0.0265624
0.0624117 -0.215989 -0.00640476
0.0741317 -0.2216 0.000336285
0.0614996 -0.224002 -0.0265929
0.0686296 -0.229185 -0.0290206
0.0707086 -0.234794 -0.0308522
0.00840967 -0.016773 0.0042105
0.0111023 -0.0259624 0.00675323
0.0032855 -0.0278318 0.00615154
0.0140532 -0.0372405 0.0211455
0.0103266 -0.0471587 -0.00418362
0.0164737 -0.0475418 -0.00174402
0.0188563 -0.0534533 -0.00254297
0.0153771 -0.0601393 -0.00271443
0.0165252 -0.0649696 0.000204884
0.0182326 -0.0731639 0.00683715
0.0143585 -0.0770385 0.00359927
0.00649212 -0.081577 0.0139553
0.00968125 -0.0882951 0.0146931
0.0381812 -0.104641 0.0160123
0.038204 -0.111711 0.0138313
0.0651945 -0.114759 0.00114638
0.0168478 -0.131422 0.011307
0.0326082 -0.138613 0.0175511
0.0339054 -0.157022 0.0111731
0.0211118 -0.160974 0.010619
0.0639615 -0.178638 -0.0197996
0.0636188 -0.180288 -0.033711
0.0462082 -0.190988 -0.0178042
0.105117 -0.195765 -0.016301
0.130307 -0.193829 -0.0222396
0.0509952 -0.213666 -0.00307623
0.0623409 -0.219702 0.00390472
0.0502072 -0.221866 -0.0229579
0.0571736 -0.227398 -0.0251579
0.0590998 -0.233091 -0.026814
0.00298372 -0.00928853 0.00232484
-0.00340804 -0.0107902 0.00390656
0.00905773 -0.0169612 0.0199326
0.00353543 -0.0314573 -0.00469201
0.0107647 -0.0306042 -0.00347894
0.0136135 -0.0363327 -0.00368408
0.0111044 -0.0429505 -0.00240679
0.0139241 -0.0465772 0.00155513
0.0160936 -0.0541869 0.00785108
0.0126946 -0.0586938 0.00532739
0.00824839 -0.0618794 0.0163315
0.0119579 -0.0682167 0.0173814
0.0389091 -0.0824061 0.0187357
0.039739 -0.0895675 0.0172393
0.0630638 -0.0928885 0.00461375
0.0239189 -0.110463 0.017508
0.0387464 -0.115698 0.0234619
0.0419957 -0.134302 0.019281
0.0317478 -0.139251 0.018999
0.0724902 -0.156206 -0.00737935
0.0714254 -0.159682 -0.020112
0.0578586 -0.169733 -0.00336905
0.112198 -0.169253 -0.00186921
0.134365 -0.166391 -0.00822762
0.06506 -0.189997 0.0127598
0.0766017 -0.194025 0.0190814
0.0650462 -0.200593 -0.00440898
0.0722832 -0.20563 -0.00620615
0.0748719 -0.211269 -0.00715492
-0.00553034 -0.00115127 0.00267446
0.00789007 -0.00535576 0.0189664
0.000839536 -0.0226079 -0.00423862
0.0085325 -0.0213092 -0.00367511
0.0115177 -0.0269593 -0.00346519
0.00949966 -0.0334064 -0.00133387
0.0133042 -0.0363469 0.00300484
0.015606 -0.0434783 0.00921606
0.0123974 -0.0482857 0.00721721
0.00999528 -0.0504612 0.0183459
0.013865 -0.056581 0.0196586
0.0395061 -0.0698953 0.0212775
0.0406387 -0.0771107 0.0203085
0.0616746 -0.0812277 0.00798278
0.0275695 -0.0982775 0.0225634
0.0417347 -0.102514 0.0283595
0.0457824 -0.121196 0.025744
0.0367905 -0.12655 0.0257388
0.0759651 -0.144266 0.00177391
0.0744019 -0.148963 -0.0100993
0.0628592 -0.158005 0.00725702
0.114605 -0.15554 0.00838485
0.135094 -0.152732 0.00175144
0.0710168 -0.176579 0.0244466
0.082526 -0.17958 0.0303459
0.0712377 -0.188795 0.00906921
0.0785001 -0.193705 0.00752334
0.0813612 -0.199341 0.00704847
0.0136038 -0.00658089 0.0146831
0.00401936 -0.0206622 -0.00809427
0.0123005 -0.0203073 -0.00755233
0.0147948 -0.0261859 -0.00795349
0.0121934 -0.0326658 -0.00632168
0.0156877 -0.0365363 -0.00278384
0.0174941 -0.0443689 0.00274624
0.0136823 -0.0487442 0.000628413
0.0112055 -0.0521135 0.0113976
0.0144516 -0.0586111 0.0121129
0.0390233 -0.0737739 0.0115917
0.0393601 -0.0810499 0.0101335
0.0599237 -0.0855472 -0.003685
0.0244021 -0.101568 0.0116716
0.0383338 -0.107332 0.0165212
0.040004 -0.126017 0.0126028
0.0307427 -0.130917 0.0125308
0.0671189 -0.148913 -0.0149601
0.0645512 -0.152338 -0.026978
0.0533809 -0.161652 -0.00978223
0.10558 -0.163453 -0.0119385
0.126247 -0.162079 -0.0198822
0.0608459 -0.182318 0.00559519
0.0722047 -0.18709 0.0107289
0.0593535 -0.192581 -0.0107945
0.0660033 -0.197943 -0.0131123
0.0682875 -0.203643 -0.0141614
-0.010079 -0.0154214 -0.0243511
0.000369919 -0.0149047 -0.0260534
0.00268223 -0.020938 -0.0267214
-0.000611282 -0.0268288 -0.0242694
0.00219137 -0.0297302 -0.0198787
0.0035148 -0.0393002 -0.0146426
-0.000677198 -0.0434303 -0.0163918
-0.00296804 -0.0453229 -0.00452789
-6.79487e-05 -0.0523052 -0.0040965
0.0237042 -0.0707456 -0.00697344
0.0237273 -0.0780567 -0.00853208
0.0439313 -0.0851406 -0.02468
0.00952554 -0.0959452 -0.00687214
0.0228558 -0.103754 -0.00274285
0.0230148 -0.122252 -0.00617735
0.0149014 -0.125891 -0.00694671
0.0485115 -0.143544 -0.0356712
0.0450687 -0.146635 -0.0473451
0.0358809 -0.154487 -0.0303531
0.0868281 -0.160341 -0.0354677
0.106888 -0.161349 -0.0449368
0.0440279 -0.176555 -0.0163939
0.0552429 -0.182817 -0.0121758
0.0417225 -0.184723 -0.0324639
0.0479632 -0.190353 -0.0352378
0.0500532 -0.195889 -0.0364422
0.00810559 0.00167399 0.000783561
0.0113061 -0.00379958 0.000494377
0.0103957 -0.0105414 0.00222624
0.016233 -0.0137654 0.00650289
0.0180565 -0.0209745 0.0103735
0.0153268 -0.0257328 0.00784301
0.0159593 -0.0292862 0.0181288
0.0197493 -0.0352764 0.018639
0.0422079 -0.0472154 0.0190643
0.0437984 -0.0542576 0.0173123
0.0610318 -0.0562905 0.00532095
0.0354939 -0.0765354 0.0176601
0.0475874 -0.0803819 0.0227139
0.0523358 -0.0987145 0.0183899
0.0463543 -0.104738 0.0176206
0.0831393 -0.118279 -0.00351507
0.0812488 -0.121911 -0.0150832
0.0727164 -0.133296 0.00105691
0.118599 -0.128306 0.00342962
0.136233 -0.12395 -0.00324889
0.0811253 -0.152824 0.0157737
0.0921 -0.155688 0.0206571
0.0826485 -0.1638 0.00133337
0.0898798 -0.168173 -0.000479071
0.0930431 -0.173647 -0.00120495
0.00294962 -0.00564898 4.56932e-05
0.00143561 -0.0121136 0.00204192
0.00643519 -0.0149317 0.00772367
0.00753165 -0.0223943 0.0120429
0.00487643 -0.0269727 0.00932085
0.00405 -0.0289636 0.0207019
0.0075147 -0.0351976 0.0217529
0.0295325 -0.0497127 0.0241519
0.0310139 -0.0567452 0.0226367
0.0498299 -0.0613571 0.0113649
0.0214577 -0.0767632 0.0223652
0.0329215 -0.0819873 0.028701
0.0373997 -0.100549 0.0255746
0.0311126 -0.104936 0.0240372
0.0692396 -0.122781 0.00634622
0.0684287 -0.126917 -0.0057615
0.0572665 -0.136316 0.00989788
0.103582 -0.136281 0.0159873
0.122641 -0.133825 0.0105347
0.0632012 -0.155848 0.0253371
0.0736828 -0.159215 0.031435
0.065324 -0.167319 0.0110394
0.072525 -0.172227 0.00999944
0.0754243 -0.177879 0.00968407
-0.0013512 -0.00639216 0.00223066
0.0040899 -0.00898228 0.00823653
0.00505721 -0.0164873 0.0121796
0.00246826 -0.0210624 0.00950241
0.00250532 -0.022689 0.0210634
0.00591312 -0.0289346 0.0220525
0.0269795 -0.0437739 0.0241684
0.0285216 -0.0507898 0.0226446
0.0463246 -0.0559333 0.0112049
0.0200899 -0.0704255 0.0224835
0.030994 -0.0758038 0.0286781
0.0355283 -0.0943662 0.0257578
0.0299791 -0.0985247 0.0240352
0.0671544 -0.1167 0.00735404
0.0661578 -0.120986 -0.00457828
0.055763 -0.130065 0.0110118
0.10065 -0.130492 0.0171174
0.119052 -0.128359 0.0114852
0.061699 -0.149531 0.0261833
0.0720487 -0.152883 0.0320416
0.0639463 -0.161059 0.0124159
0.0710905 -0.165973 0.0113935
0.0740246 -0.171619 0.011151
0.00591103 -0.00288486 0.00563821
0.00661824 -0.0106075 0.00896092
0.00380609 -0.0150818 0.0063599
0.00494071 -0.0171797 0.0176224
0.00809181 -0.0235331 0.0182888
0.0278749 -0.0387816 0.0192093
0.0291605 -0.0458495 0.0175182
0.0454769 -0.0511655 0.00544808
0.0213 -0.06548 0.0174598
0.0316684 -0.0711908 0.0230088
0.03531 -0.0897762 0.0197298
0.0304378 -0.0940132 0.0179618
0.0654041 -0.11199 0.00046982
0.0635944 -0.115944 -0.0111705
0.0545914 -0.125077 0.00445242
0.098274 -0.12651 0.00877983
0.115845 -0.124931 0.00234381
0.0606933 -0.145098 0.0188121
0.0709454 -0.148987 0.0239498
0.0622671 -0.156054 0.00524907
0.0691208 -0.161095 0.00384424
0.0719105 -0.166753 0.00342928
0.000176799 -0.0083972 0.00311819
-0.00319439 -0.0125525 0.00080235
-0.00134313 -0.0141245 0.0123956
0.00125368 -0.0208433 0.0127635
0.0195444 -0.0388094 0.0117334
0.0201359 -0.0459471 0.00991784
0.0353064 -0.0536485 -0.00395557
0.0113806 -0.0636719 0.009964
0.0212983 -0.0710876 0.0148237
0.0229465 -0.0897694 0.0116531
0.0181702 -0.0928597 0.0094244
0.0501072 -0.113149 -0.0102587
0.0471293 -0.116865 -0.021654
0.0392208 -0.124498 -0.00602165
0.0826719 -0.131118 -0.00495306
0.0999177 -0.132045 -0.0128329
0.044999 -0.145605 0.00721856
0.0550578 -0.150916 0.0115245
0.0450569 -0.155485 -0.00652245
0.051326 -0.16106 -0.00849718
0.0536781 -0.166774 -0.00917553
-0.00322866 -0.00441058 -0.00193159
-0.000110032 -0.00516871 0.00953609
0.00261703 -0.0117892 0.0101799
0.0201394 -0.0291809 0.00985652
0.0210041 -0.0364032 0.0084811
0.034764 -0.0446509 -0.00468945
0.0144952 -0.054425 0.009838
0.0238962 -0.0611031 0.0148331
0.0261484 -0.0798051 0.0129549
0.0224659 -0.083418 0.0107824
0.0534612 -0.10344 -0.00646589
0.050183 -0.108017 -0.0171369
0.0438638 -0.114969 -0.00122357
0.0853319 -0.119767 0.000309162
0.101355 -0.120751 -0.00745262
0.0504636 -0.134956 0.0130188
0.0604955 -0.139596 0.0171338
0.050841 -0.145797 0.00071785
0.0571586 -0.151266 -0.000969839
0.0597466 -0.156947 -0.00123526
0.00397362 -0.00127108 0.0110734
0.00659501 -0.00783569 0.0116161
0.0231492 -0.0247475 0.0111816
0.0239598 -0.031985 0.00976992
0.0365329 -0.0398785 -0.00319296
0.0180194 -0.0505348 0.0112188
0.0270125 -0.0569335 0.0160198
0.0291454 -0.0756618 0.0140213
0.0258067 -0.0795919 0.0118918
0.0558853 -0.0996062 -0.00498977
0.0523265 -0.104117 -0.0154618
0.0465844 -0.111367 0.000423518
0.087021 -0.115845 0.00174304
0.102393 -0.116678 -0.00612679
0.0530413 -0.131298 0.0144854
0.0629412 -0.135875 0.0183531
0.0533214 -0.142332 0.00246912
0.0595285 -0.147806 0.000713639
0.0620866 -0.153527 0.00043654
0.00160562 -0.00702794 0.000505495
0.0158069 -0.0272 -0.000940813
0.0154526 -0.0345791 -0.00222096
0.0268059 -0.0453862 -0.0163943
0.00740147 -0.051219 -0.000334057
0.0155193 -0.0595471 0.00418416
0.0143948 -0.078226 0.00292831
0.0108252 -0.0812845 0.000344968
0.0367748 -0.104642 -0.0184039
0.0318812 -0.10866 -0.0285146
0.0267586 -0.11405 -0.0126654
0.0667145 -0.125875 -0.0142971
0.0817796 -0.130352 -0.0233388
0.0316312 -0.135308 0.000924562
0.0408963 -0.141955 0.0043185
0.029766 -0.145127 -0.0113101
0.0349677 -0.151511 -0.0134716
0.0367003 -0.157386 -0.0138957
0.0133099 -0.0203174 -0.00145822
0.0130925 -0.027701 -0.00268797
0.023315 -0.0389982 -0.0167576
0.00651897 -0.0441162 -0.000724445
0.0140932 -0.05243 0.00379081
0.0132386 -0.0711129 0.00292337
0.010487 -0.0741167 3.20409e-05
0.035717 -0.0974407 -0.0173016
0.0306437 -0.101718 -0.0270947
0.0265103 -0.106797 -0.0114402
0.0649444 -0.118456 -0.0127095
0.0791928 -0.123126 -0.0217475
0.0316287 -0.12784 0.00204858
0.0407827 -0.134346 0.00521824
0.030048 -0.137813 -0.00951137
0.0352445 -0.144158 -0.011603
0.0370904 -0.15001 -0.0119064
0.00118844 -0.00720557 -0.00121473
0.0101875 -0.0196128 -0.0150844
0.000826276 -0.0221507 0.000427677
0.00762877 -0.0301846 0.00512733
0.0100996 -0.0487421 0.00515516
0.010255 -0.0509641 0.0012367
0.0366711 -0.0717483 -0.0107335
0.0322153 -0.0773668 -0.0199362
0.0307933 -0.0816238 -0.00490986
0.0653343 -0.0892245 -0.00342198
0.0778211 -0.0928681 -0.0119886
0.0384545 -0.10135 0.00822295
0.0478644 -0.106291 0.0109561
0.039517 -0.111756 -0.00114051
0.0455381 -0.117282 -0.00277597
0.0484357 -0.122776 -0.00261494
0.00752191 -0.0128782 -0.013694
0.000787689 -0.0147899 0.00164824
0.00685754 -0.0228711 0.00628866
0.00930149 -0.0414468 0.00653354
0.0101865 -0.0435891 0.00235113
0.035464 -0.0649216 -0.0082637
0.0307512 -0.0706765 -0.017195
0.0301359 -0.0746743 -0.00235772
0.0629644 -0.0828085 -0.000584686
0.0745948 -0.0868061 -0.00919114
0.037538 -0.0943002 0.0105509
0.0467124 -0.0992353 0.0130421
0.0387093 -0.1049 0.0017939
0.0446135 -0.110476 0.000193461
0.0475109 -0.115999 0.000438439
-0.00219389 -0.000449418 0.014947
0.00390925 -0.0078613 0.0195593
0.0104382 -0.0259383 0.0197386
0.0128916 -0.0268827 0.0152585
0.0408848 -0.0462364 0.00852374
0.0374833 -0.0531164 -0.000489192
0.0378697 -0.0569911 0.0142035
0.0680696 -0.0606044 0.0184502
0.0787293 -0.0625424 0.0102555
0.0473011 -0.0749115 0.0266785
0.0567677 -0.0776577 0.0290524
0.0513425 -0.0862692 0.0193
0.0582075 -0.0907427 0.0181205
0.0621593 -0.0958572 0.0186718
0.00299218 -0.00894393 0.00463491
0.00214568 -0.0276273 0.0054388
0.00448352 -0.0298732 0.000639788
0.02374 -0.0554792 -0.0070667
0.0177924 -0.0605384 -0.0156906
0.0179239 -0.0638079 -0.00132387
0.0457628 -0.078778 0.00112958
0.0554433 -0.0857116 -0.00764244
0.0213273 -0.0843632 0.0109637
0.0290592 -0.0909434 0.0132442
0.0210918 -0.0949579 0.00308603
0.0257767 -0.101545 0.00157828
0.0276909 -0.107468 0.00196838
0.000798253 -0.0185792 0.001289
0.004488 -0.0205181 -0.00395158
0.0246384 -0.0438562 -0.00980291
0.0188839 -0.0495603 -0.0179451
0.0207413 -0.0524081 -0.00382965
0.0473972 -0.0648439 -0.000831447
0.0563725 -0.0712709 -0.00956236
0.026184 -0.0725173 0.00834786
0.0342323 -0.0784495 0.0102441
0.0271629 -0.0829167 0.00152728
0.032315 -0.0890429 0.000124833
0.0348315 -0.0947177 0.000698252
0.00556456 -0.00190238 -0.00615607
0.0228306 -0.0250488 -0.00985522
0.0161779 -0.0307407 -0.017128
0.0209387 -0.0335983 -0.00381971
0.0432973 -0.0463413 -0.00121991
0.0496616 -0.0531605 -0.0104158
0.0265736 -0.0538672 0.00704089
0.0341 -0.0598609 0.00785461
0.0278363 -0.064124 0.00146555
0.0326989 -0.0702019 -0.000198763
0.0353216 -0.0758656 0.000331524
0.0144398 -0.0271116 -0.00185657
0.00742457 -0.0327308 -0.00932308
0.0111345 -0.0345978 0.00411755
0.0317426 -0.0519449 0.00802664
0.0378598 -0.060746 -0.000852511
0.0137478 -0.0548162 0.0156103
0.0205322 -0.0615741 0.0170091
0.0139522 -0.0657483 0.0103133
0.0181466 -0.0725481 0.00904697
0.0200688 -0.0785067 0.00986835
-0.00701989 -0.00588013 -0.00761899
0.000282342 -0.00724405 0.00453593
0.0172483 -0.0256549 0.00605385
0.0213392 -0.033857 -0.00488728
0.00569814 -0.0284451 0.0110392
0.0127273 -0.0345956 0.010333
0.0081084 -0.0380006 0.00618527
0.0129495 -0.0439287 0.00396371
0.0158392 -0.0495334 0.00409469
0.00786973 -0.00224743 0.0120912
0.0238036 -0.0188108 0.0134712
0.0271626 -0.0257403 0.0024329
0.0136222 -0.0230825 0.0178962
0.02068 -0.0285024 0.0168255
0.0164952 -0.0331726 0.0131729
0.0214826 -0.0387881 0.0108019
0.02458 -0.0443884 0.0107954
0.0135748 -0.0200145 0.00179954
0.0164435 -0.0287467 -0.0093197
0.0032683 -0.021849 0.00607045
0.00949445 -0.0288211 0.00521015
0.00506273 -0.0311709 0.0017129
0.00926544 -0.0375083 -0.000475892
0.0116154 -0.0433155 -0.00029086
0.00308149 -0.00924369 -0.0118282
-0.00540654 -0.00106924 0.00254073
0.00185897 -0.00686892 0.000776175
-0.000957753 -0.00920172 -0.000318981
0.00446992 -0.0145095 -0.00250551
0.0081982 -0.0196074 -0.0021866
-0.00642588 0.00897831 0.0135604
0.00121708 0.00437124 0.0116165
-0.000580009 0.000411838 0.0116827
0.00543912 -0.0043351 0.00971279
0.00983485 -0.00911274 0.0102664
0.00571996 -0.00727598 -0.00121918
0.00248622 -0.00893863 -0.0021784
0.00652124 -0.0153558 -0.00395521
0.00897702 -0.0210743 -0.00326409
-0.00284063 -0.0016636 -7.44572e-05
0.00128055 -0.0081125 -0.00159434
0.0039209 -0.0137369 -0.000614769
0.00379653 -0.00636911 -0.00224987
0.00615318 -0.0121832 -0.00192404
0.00245274 -0.00579226 0.000379619
