-0.000397741 -0.000314818 0.000382841
0.0214651 0.0500572 0.0671619
0.254959 -0.00838388 -0.143059
0.427318 -0.0678929 -0.221216
0.279152 -0.211341 -0.0642681
0.242173 -0.353118 -0.0387833
0.247382 0.0227498 -0.307509
0.273015 0.238092 -0.18954
0.277301 0.242704 -0.196623
0.0218827 0.0503544 0.0667858
0.255333 -0.00809176 -0.143483
0.427669 -0.0676234 -0.221676
0.279497 -0.211071 -0.0647332
0.242491 -0.352847 -0.0392685
0.247735 0.0230747 -0.307927
0.273429 0.238393 -0.189917
0.277714 0.243005 -0.197
0.249422 0.143318 -0.15692
0.236877 -0.0682016 -0.203258
0.409577 -0.133744 -0.275697
0.252439 -0.271001 -0.121514
0.210266 -0.411248 -0.0951518
0.234781 -0.0383211 -0.368091
0.264307 0.177308 -0.25126
0.268936 0.181728 -0.258241
0.236273 0.0832647 -0.218257
0.193085 -0.0955312 -0.0923779
0.176186 -0.0561587 -0.0716902
0.0394744 -0.188463 0.102799
0.0144351 -0.328023 0.145481
-0.00885113 0.00927268 -0.166567
0.0018289 0.238131 -0.0780015
0.0058472 0.242034 -0.0856523
-0.0162102 0.147123 -0.0326724
-0.0375702 -0.018039 0.114784
0.10799 -0.049185 0.0489337
-0.126391 -0.121335 0.189199
-0.143929 -0.257829 0.244195
-0.189452 0.0502383 -0.0949869
-0.18428 0.286585 -0.027477
-0.180565 0.289908 -0.0355801
-0.198342 0.199378 0.0265017
-0.209787 0.0469282 0.18887
-0.0650726 0.0152164 0.12148
-0.0637115 -0.00186499 0.14028
-0.0276438 -0.137268 0.0480149
-0.0635196 0.19474 -0.268243
-0.0327006 0.4249 -0.185642
-0.029196 0.428445 -0.193749
-0.0511969 0.335718 -0.136883
-0.0668807 0.174259 0.0155352
0.0701148 0.134422 -0.063026
0.0709109 0.116065 -0.0454439
0.110082 -0.0526746 0.228123
-0.0499155 0.336642 -0.309236
-0.008082 0.565395 -0.225583
-0.00505241 0.568961 -0.233908
-0.025212 0.475992 -0.176712
-0.0340061 0.312754 -0.0254138
0.0966584 0.270852 -0.113994
0.0982095 0.252233 -0.0967178
0.15157 0.0780284 0.171459
0.172422 0.0722651 0.13917
-0.00883005 0.228559 0.0888235
-0.00511725 0.232795 0.0811836
-0.0194284 0.136241 0.134149
-0.0277162 -0.0309441 0.281066
0.120543 -0.0495928 0.215613
0.122195 -0.0683178 0.232772
0.158086 -0.239877 0.505049
0.18488 -0.241488 0.476444
0.225021 -0.126652 0.140312
0.00473099 0.00407374 -0.00711808
-0.0197366 -0.0916972 0.043151
-0.0522212 -0.257425 0.187839
0.10182 -0.282836 0.139653
0.100687 -0.301478 0.156935
0.0975899 -0.470437 0.433598
0.127521 -0.473582 0.408142
0.211321 -0.364098 0.0766976
0.219609 -0.361469 0.0889521
-0.0242263 -0.0957409 0.0504424
-0.0563894 -0.261261 0.195439
0.097867 -0.286217 0.147602
0.0967737 -0.304824 0.164921
0.0938513 -0.473171 0.441942
0.123849 -0.476262 0.416542
0.207818 -0.367204 0.0850052
0.216075 -0.364517 0.0972693
0.209213 -0.187251 -0.264975
-0.0294713 -0.166569 0.144355
0.121282 -0.194816 0.0890913
0.120491 -0.213617 0.106218
0.125643 -0.385985 0.380544
0.154207 -0.389459 0.353842
0.225614 -0.27804 0.0208005
0.234481 -0.275745 0.0326707
0.215524 -0.0945807 -0.326814
0.194241 -0.238117 0.381165
0.142963 -0.0382188 -0.0676373
0.142155 -0.0571952 -0.0506973
0.15615 -0.234543 0.220074
0.181955 -0.23958 0.191289
0.234662 -0.128245 -0.14446
0.24458 -0.126816 -0.133329
0.210322 0.0595674 -0.488742
0.235121 -0.0928499 0.216827
0.276917 -0.100484 0.0200818
0.000153519 -0.0177113 0.0182375
0.0264687 -0.174961 0.299872
0.0517691 -0.181073 0.27093
0.0934829 -0.0920573 -0.0720517
0.103513 -0.0895104 -0.0612853
0.058672 0.0685635 -0.427739
0.100058 -0.0312705 0.284966
0.137681 -0.0513408 0.0887616
0.116262 -0.131874 0.0864243
0.0273559 -0.157525 0.281381
0.0523267 -0.163853 0.252227
0.0918446 -0.0752301 -0.0910695
0.101991 -0.0727732 -0.0803919
0.0553968 0.0854847 -0.446523
0.102089 -0.0145773 0.265842
0.137809 -0.0349115 0.0693341
0.115627 -0.115228 0.0671991
0.167643 -0.0084778 0.297242
0.021364 -0.00995044 -0.0307965
0.0460228 0.0685554 -0.377686
0.0572635 0.0696967 -0.367842
0.00495089 0.22822 -0.733019
0.092296 0.130407 -0.0236372
0.109591 0.1039 -0.221907
0.0761564 0.0274542 -0.220825
0.160103 0.127114 0.00289055
-0.206303 0.146435 -0.271599
0.0219632 0.0749725 -0.347841
0.0332122 0.076396 -0.338063
-0.0224764 0.2295 -0.70491
0.0688333 0.141472 0.00524242
0.0855793 0.113018 -0.192792
0.0533238 0.0361445 -0.190686
0.136827 0.139486 0.0314196
-0.230953 0.150143 -0.24161
-0.298371 0.16747 -0.296315
0.0103965 0.0033999 0.0101463
-0.0554457 0.140788 -0.361036
0.021365 0.0771144 0.35303
0.0500591 0.0496487 0.156387
0.0315453 -0.0315927 0.158674
0.0880261 0.0873998 0.381303
-0.265262 0.0313592 0.0938762
-0.331759 0.0365214 0.0353628
-0.281556 0.10515 0.271161
-0.0644003 0.135876 -0.371988
0.0108693 0.0754513 0.342507
0.0396656 0.0468062 0.146061
0.0207386 -0.0343143 0.148743
0.0775299 0.0855431 0.370823
-0.275623 0.0298194 0.0831938
-0.342011 0.0350284 0.0245635
-0.291728 0.104631 0.260119
-0.377863 0.0695353 -0.220533
0.0375274 -0.0697356 0.716273
0.0851276 -0.087108 0.521708
0.0814264 -0.171269 0.520966
0.100069 -0.0478159 0.749368
-0.219323 -0.159567 0.434013
-0.281402 -0.164123 0.369857
-0.262803 -0.0939243 0.610287
-0.304411 -0.126984 0.123677
-0.285224 -0.0979334 -0.108907
0.0307778 -0.0348103 -0.195107
-0.00180291 -0.111553 -0.192863
0.0659176 -0.00108668 0.0309316
-0.280955 0.00223727 -0.267705
-0.343959 0.0186573 -0.327676
-0.28906 0.0798785 -0.0912303
-0.366705 0.0584799 -0.573324
-0.35122 0.0760985 -0.807952
-0.199012 0.128843 -0.13263
-0.0248357 -0.0793821 0.00381851
0.0355883 0.0406319 0.224793
-0.314134 0.00505576 -0.0690471
-0.378845 0.0140874 -0.128888
-0.327825 0.0844885 0.106329
-0.407341 0.0467448 -0.375334
-0.395433 0.0609131 -0.6106
-0.243498 0.14137 0.0631208
-0.173076 0.135187 0.00349694
0.0693113 0.116809 0.220013
-0.291887 0.0851554 -0.0602256
-0.358977 0.0946595 -0.117292
-0.298633 0.162267 0.116532
-0.397553 0.129429 -0.361936
-0.395508 0.145006 -0.597303
-0.216007 0.21989 0.0707415
-0.147923 0.214573 0.00824447
-0.370969 0.235358 0.127909
-0.346806 -0.00117139 -0.298719
-0.409491 0.0142741 -0.359292
-0.353772 0.0825359 -0.124572
-0.430801 0.046437 -0.606654
-0.413573 0.0561106 -0.842224
-0.262895 0.128759 -0.167694
-0.192623 0.113629 -0.226324
-0.417515 0.164107 -0.118486
-0.423044 0.160815 -0.143237
-0.0651096 0.0159712 -0.0577775
-0.0172098 0.0503319 0.184685
-0.0972216 0.0851992 -0.294692
-0.0912275 0.135887 -0.523395
0.0651188 0.116099 0.151805
0.135989 0.1219 0.0926069
-0.0928094 0.118764 0.202555
-0.0979028 0.1189 0.177656
-0.114991 0.116198 0.183298
0.0448144 0.0278878 0.243843
-0.0326519 0.0759388 -0.23474
-0.0273563 0.134202 -0.461552
0.125515 0.0971358 0.213786
0.196722 0.106928 0.155335
-0.0330442 0.0935542 0.263101
-0.0378893 0.0943283 0.23818
-0.0549602 0.0909513 0.243555
-0.0648394 0.0467423 -0.480528
-0.0488103 0.100071 -0.708166
0.0887273 0.058102 -0.0299998
0.161363 0.0579129 -0.087094
-0.0692753 0.0748797 0.0168513
-0.0737128 0.0756895 -0.00813771
-0.0910792 0.0745428 -0.00290665
0.00651208 0.0627378 -0.225566
0.138348 0.0325128 0.454158
0.210315 0.0516098 0.398184
-0.0215032 0.00950175 0.497426
-0.0254398 0.0100312 0.472346
-0.04231 0.00458157 0.476977
0.114363 -0.0122047 0.683286
0.185964 0.0148356 0.628955
-0.0448762 -0.0532809 0.722074
-0.0480881 -0.0533821 0.696874
-0.064563 -0.0607386 0.700994
0.0742818 -0.00150938 -0.0548872
-0.159497 0.0164653 0.0414808
-0.163207 0.0161011 0.0163455
-0.180701 0.0149419 0.021115
-0.234192 0.0151408 0.0958348
-0.237893 0.0137387 0.0706988
-0.255353 0.0122765 0.075508
-0.00349114 0.00171392 -0.0250818
-0.0210451 0.000550735 -0.0205436
-0.0175415 -0.00139109 0.00452023
-0.000395805 -0.000317643 0.000382513
0.022083 0.0493189 0.0675069
0.253896 -0.00759732 -0.144981
0.425527 -0.0667595 -0.224981
0.278116 -0.211403 -0.0684215
0.240943 -0.353335 -0.044103
0.245215 0.0252189 -0.309048
0.272274 0.239289 -0.189098
0.27652 0.243961 -0.196166
0.248265 0.14395 -0.156875
0.21477 -0.0383861 -0.0332482
0.357806 -0.0712058 -0.103583
0.356436 -0.0921209 -0.0889274
0.361921 -0.300935 0.160807
0.388184 -0.303214 0.131865
0.448388 -0.153771 -0.189989
0.0224987 0.0496188 0.0671308
0.254268 -0.0073019 -0.145404
0.425875 -0.0664863 -0.225442
0.278458 -0.21113 -0.0688864
0.241258 -0.35306 -0.0445878
0.245566 0.0255472 -0.309466
0.272686 0.239592 -0.189475
0.276932 0.244265 -0.196543
0.248664 0.144251 -0.157268
0.215153 -0.0381045 -0.0336711
0.358171 -0.0709408 -0.104033
0.3568 -0.0918587 -0.0893813
0.362276 -0.300724 0.160316
0.388534 -0.303004 0.131369
0.448723 -0.153511 -0.190468
0.458587 -0.153603 -0.179077
0.23522 -0.0667554 -0.205648
0.407217 -0.132009 -0.279995
0.250831 -0.270412 -0.126072
0.208475 -0.410808 -0.100823
0.232014 -0.0352027 -0.370151
0.262958 0.179155 -0.251365
0.267548 0.183633 -0.258334
0.234912 0.0848559 -0.219112
0.192157 -0.0950922 -0.0947353
0.335988 -0.133137 -0.160639
0.333553 -0.153838 -0.145795
0.325835 -0.359363 0.106809
0.352777 -0.362839 0.078648
0.426375 -0.219341 -0.243362
0.435929 -0.219599 -0.231676
0.422673 0.00815687 -0.567649
0.175513 -0.0558875 -0.073529
0.0397124 -0.189596 0.1006
0.0146095 -0.329515 0.142051
-0.0100289 0.0109812 -0.166396
0.00190131 0.238902 -0.0756029
0.00587467 0.242873 -0.0832427
-0.0160529 0.147488 -0.031066
-0.0367884 -0.0191024 0.114865
0.108208 -0.049958 0.0476503
0.108432 -0.0688075 0.0647263
0.13233 -0.243239 0.336451
0.158429 -0.247032 0.307642
0.204804 -0.135236 -0.0286559
0.214614 -0.133181 -0.0175611
0.170854 0.0478598 -0.374069
0.203439 -0.0970816 0.332211
-0.125345 -0.122916 0.188875
-0.14285 -0.259913 0.242614
-0.189998 0.0516889 -0.093099
-0.183708 0.287326 -0.0232439
-0.180043 0.290721 -0.0313397
-0.197612 0.199614 0.0299515
-0.208291 0.0455585 0.19085
-0.0641528 0.0141549 0.122096
-0.0627016 -0.00311941 0.140712
-0.0224641 -0.152892 0.424919
0.00272254 -0.158103 0.395667
0.0335558 -0.073893 0.0505448
0.043572 -0.0705326 0.0610859
-0.0148501 0.075895 -0.307925
0.0424141 -0.00498822 0.405921
0.0777992 -0.027158 0.209621
-0.0276628 -0.137675 0.0468247
-0.0649348 0.19761 -0.265795
-0.0329058 0.42684 -0.181098
-0.0294504 0.430459 -0.189194
-0.0512876 0.337218 -0.13311
-0.0663013 0.174266 0.0177793
0.0700164 0.134871 -0.0621712
0.0708905 0.116335 -0.0447817
0.111585 -0.0552666 0.226775
0.134478 -0.0607517 0.195845
0.154561 0.0429504 -0.144985
0.165455 0.0446675 -0.134893
0.0983039 0.219256 -0.490517
0.189112 0.0862769 0.213216
0.211912 0.074696 0.013861
0.187371 -0.00487113 0.00955341
-0.0512483 0.339883 -0.305449
-0.00820132 0.567669 -0.219795
-0.00522241 0.57131 -0.228105
-0.0252166 0.47782 -0.171706
-0.0333537 0.313082 -0.0220056
0.0965554 0.271741 -0.11195
0.0981815 0.252943 -0.0948737
0.153012 0.0758951 0.171135
0.173614 0.0704047 0.13864
0.173104 0.178649 -0.201693
0.184727 0.179962 -0.19233
0.0969155 0.35925 -0.541537
0.233059 0.215526 0.154615
0.242086 0.206766 -0.0464051
0.215226 0.127932 -0.0501335
0.302304 0.215798 0.177653
-0.00757826 0.227671 0.0911898
-0.00390943 0.231973 0.0835664
-0.0180955 0.134926 0.135656
-0.0257685 -0.0337154 0.280933
0.121964 -0.0520856 0.214221
0.12369 -0.0709875 0.231178
0.161088 -0.245386 0.50144
0.187671 -0.246777 0.472628
0.225689 -0.12865 0.137391
0.235279 -0.125856 0.148504
0.177506 0.0527453 -0.20695
0.220185 -0.0928818 0.498653
0.263315 -0.0950958 0.301825
0.250361 -0.177493 0.293212
0.284219 -0.0814368 0.532323
-0.046527 -0.125401 0.217462
0.00469032 0.00413328 -0.00711066
-0.0196692 -0.0920777 0.0423643
-0.0515505 -0.259177 0.185602
0.10207 -0.284499 0.136047
0.101013 -0.303311 0.153147
0.0994621 -0.475054 0.428104
0.1292 -0.478018 0.402402
0.210897 -0.365403 0.0714816
0.21928 -0.36292 0.0837016
0.210249 -0.181157 -0.276293
0.165142 -0.325549 0.431167
0.230688 -0.332097 0.239941
0.215371 -0.413898 0.230043
0.225283 -0.315839 0.472208
-0.0692765 -0.350147 0.119987
-0.124852 -0.339068 0.0513668
-0.0241169 -0.0961834 0.0496468
-0.0556739 -0.263078 0.193193
0.0981658 -0.28795 0.143989
0.097148 -0.306728 0.161127
0.0957766 -0.477863 0.436447
0.125582 -0.480774 0.4108
0.207446 -0.368584 0.0797825
0.215798 -0.366043 0.092013
0.206794 -0.185102 -0.268363
0.160891 -0.328071 0.439322
0.226805 -0.334824 0.248215
0.211823 -0.41671 0.238453
0.220952 -0.318028 0.480444
-0.0729298 -0.354272 0.127718
-0.128415 -0.343543 0.0589467
-0.124252 -0.299707 0.305985
-0.0288728 -0.167944 0.142875
0.121401 -0.196022 0.0862372
0.120685 -0.214993 0.103178
0.127357 -0.390142 0.375705
0.155717 -0.39342 0.348762
0.225015 -0.278821 0.0163547
0.233973 -0.276669 0.0281829
0.212905 -0.0918271 -0.329306
0.196351 -0.242467 0.377322
0.253033 -0.247921 0.183703
0.235366 -0.329158 0.173812
0.258217 -0.234898 0.415712
-0.051505 -0.257728 0.077513
-0.109779 -0.24484 0.0118063
-0.092768 -0.204616 0.258195
-0.114825 -0.178408 -0.228698
0.142369 -0.0379032 -0.0690544
0.141632 -0.057048 -0.0523015
0.157108 -0.237163 0.216556
0.182692 -0.241975 0.187535
0.233269 -0.127385 -0.147445
0.243271 -0.126095 -0.136373
0.206946 0.0639652 -0.489627
0.236432 -0.09565 0.214168
0.276786 -0.101401 0.0170581
0.252328 -0.18079 0.00797171
0.301124 -0.0938553 0.24767
-0.0343428 -0.0868073 -0.0638838
-0.0967543 -0.0689593 -0.124096
-0.0563822 -0.0343581 0.119748
-0.117655 0.000412115 -0.36238
-0.101078 0.050817 -0.590771
0.000237924 -0.0178954 0.018056
0.0281662 -0.178055 0.297889
0.0532405 -0.18394 0.268704
0.0927141 -0.0915657 -0.0736537
0.102829 -0.0891539 -0.0629351
0.0557647 0.0727371 -0.427439
0.102029 -0.034413 0.283903
0.138181 -0.052594 0.0872382
0.11653 -0.133044 0.0842427
0.167526 -0.0281577 0.315448
-0.174656 -0.0544734 0.0120652
-0.238581 -0.0431808 -0.0482058
-0.195193 0.010152 0.192185
-0.264734 0.00799118 -0.290959
-0.251333 0.0418277 -0.523121
-0.112419 0.0733979 0.155705
0.0289663 -0.160436 0.279569
0.053709 -0.166533 0.250173
0.0909835 -0.0745426 -0.0924882
0.101214 -0.0722203 -0.0818601
0.0523991 0.089856 -0.446027
0.103967 -0.0175324 0.264934
0.138213 -0.0359692 0.0679772
0.115801 -0.116202 0.0651917
0.169762 -0.0119213 0.295918
-0.175251 -0.0350437 -0.00437123
-0.239629 -0.0232265 -0.0640282
-0.193555 0.0297117 0.175929
-0.267608 0.0280229 -0.306537
-0.256074 0.0614727 -0.538856
-0.11058 0.0922484 0.138684
-0.039294 0.0929741 0.0798835
0.0211144 -0.00969363 -0.0310494
0.0434772 0.0722552 -0.377298
0.0547918 0.0732676 -0.367524
0.000266967 0.235615 -0.730693
0.0924707 0.130399 -0.0229868
0.108262 0.105856 -0.221635
0.0746329 0.0294902 -0.221083
0.160458 0.126662 0.00301424
-0.207867 0.149712 -0.268603
-0.275214 0.169446 -0.322594
-0.201738 0.217853 -0.0881774
-0.317092 0.220753 -0.563075
-0.321067 0.248004 -0.796815
-0.114264 0.26834 -0.133397
-0.0484467 0.258888 -0.198087
-0.265317 0.297521 -0.0703461
0.019651 0.0784323 -0.347216
0.030974 0.0797275 -0.337506
-0.0269531 0.236681 -0.702374
0.0692468 0.141232 0.00617246
0.0844863 0.114741 -0.192256
0.0520418 0.0379343 -0.190692
0.137422 0.138805 0.0318347
-0.23229 0.15318 -0.238401
-0.300055 0.171235 -0.292438
-0.226536 0.223447 -0.0587055
-0.343247 0.219013 -0.533577
-0.34797 0.243295 -0.767814
-0.140005 0.274755 -0.104885
-0.0743266 0.26556 -0.169756
-0.291222 0.302343 -0.04159
-0.298631 0.300772 -0.0660009
0.0104785 0.00327002 0.0101045
-0.0576752 0.144579 -0.359184
0.0241194 0.0734813 0.353627
0.0513194 0.047933 0.156513
0.0326058 -0.033279 0.158114
0.0910101 0.0833068 0.381519
-0.264492 0.031096 0.0961082
-0.331397 0.0370229 0.0381335
-0.279309 0.103131 0.274243
-0.369485 0.0751439 -0.206028
-0.36608 0.0971161 -0.440583
-0.200649 0.167983 0.231104
-0.131597 0.16931 0.169583
-0.357355 0.170427 0.285718
-0.363179 0.167281 0.261004
-0.380011 0.164569 0.267423
-0.0667217 0.139801 -0.37012
0.0135435 0.071952 0.343164
0.0408441 0.0452222 0.146236
0.0217204 -0.0358719 0.148235
0.0804336 0.0815835 0.371097
-0.274934 0.0296913 0.0854862
-0.34173 0.0356658 0.0273943
-0.289562 0.10275 0.26327
-0.379259 0.0727449 -0.217074
-0.375295 0.0935403 -0.451802
-0.210533 0.166956 0.219875
-0.141419 0.167598 0.158424
-0.367233 0.170526 0.274339
-0.373051 0.167281 0.24963
-0.389899 0.164693 0.256051
0.0425122 -0.0770795 0.715242
0.0886597 -0.0926051 0.52017
0.0847286 -0.176745 0.518606
0.105349 -0.0556584 0.748101
-0.216609 -0.163382 0.433956
-0.279161 -0.167127 0.37021
-0.258639 -0.0994143 0.611196
-0.303847 -0.127439 0.124591
-0.286263 -0.0960851 -0.107821
-0.188602 -0.0200528 0.576258
-0.115537 -0.0050712 0.520965
-0.349163 -0.0460846 0.616066
-0.352266 -0.0496303 0.590918
-0.369051 -0.0553645 0.595609
0.0292752 -0.0329134 -0.195667
-0.00349329 -0.10959 -0.193962
0.0661361 -0.00157086 0.0304405
-0.282873 0.00567638 -0.265626
-0.346265 0.0228661 -0.324969
-0.289497 0.0815481 -0.0883213
-0.370678 0.0652322 -0.570031
-0.35684 0.0851845 -0.804575
-0.199619 0.130695 -0.129876
-0.129667 0.119055 -0.18947
-0.354303 0.161742 -0.0784706
-0.359958 0.15944 -0.103258
-0.377097 0.159877 -0.0970854
-0.0250193 -0.0793519 0.0031962
0.037319 0.0382618 0.224928
-0.314609 0.00657001 -0.066714
-0.379727 0.0163749 -0.12599
-0.326822 0.0842587 0.109551
-0.409915 0.051599 -0.371881
-0.399668 0.0681171 -0.607071
-0.242657 0.141356 0.066309
-0.172685 0.135593 0.00611685
-0.399124 0.15787 0.118343
-0.404762 0.154576 0.0936004
-0.42181 0.153415 0.0998508
0.0712097 0.114395 0.220674
-0.292086 0.0865182 -0.0572452
-0.359561 0.0967736 -0.113725
-0.29735 0.161854 0.120327
-0.399809 0.134118 -0.357719
-0.399422 0.152071 -0.592926
-0.214903 0.219723 0.0745231
-0.147286 0.214862 0.0114838
-0.369406 0.235014 0.132966
-0.376015 0.232046 0.108412
-0.392823 0.230725 0.11532
-0.348955 0.00275281 -0.296194
-0.412035 0.0189734 -0.356152
-0.354441 0.0847108 -0.121164
-0.435045 0.0536937 -0.603016
-0.419492 0.0657065 -0.838595
-0.263755 0.131132 -0.164475
-0.193948 0.116414 -0.223763
-0.41792 0.166381 -0.113793
-0.423636 0.163354 -0.138536
-0.440766 0.164269 -0.132334
-0.0654822 0.0167242 -0.0571398
-0.0157414 0.0485044 0.185304
-0.0991193 0.0884299 -0.293104
-0.0946414 0.141415 -0.521321
0.066523 0.114387 0.152494
0.136979 0.120603 0.0928458
-0.091027 0.116948 0.204412
-0.0962996 0.117349 0.179553
-0.113354 0.114635 0.185291
0.0466483 0.0253017 0.243781
-0.0341433 0.0783955 -0.233718
-0.03033 0.138937 -0.459962
0.127315 0.0946406 0.213841
0.198123 0.104839 0.154978
-0.0308937 0.0909717 0.264265
-0.0359165 0.0920106 0.239389
-0.0529571 0.0886237 0.244853
-0.0681825 0.0517721 -0.479549
-0.0536552 0.10736 -0.706746
0.0886631 0.0581721 -0.0300535
0.160884 0.0583724 -0.0876717
-0.0689517 0.0748849 0.0181086
-0.0735673 0.0759591 -0.00683814
-0.0908985 0.0748047 -0.00149321
0.00505059 0.0650007 -0.224962
0.14171 0.0275548 0.453449
0.213322 0.0470304 0.397151
-0.0178853 0.00452201 0.497639
-0.0220015 0.00531555 0.472595
-0.0388523 -0.000136892 0.477293
0.119261 -0.0194173 0.682281
0.190539 0.00798556 0.627709
-0.0398032 -0.0604705 0.721805
-0.0431972 -0.0603082 0.696629
-0.0596614 -0.0676632 0.700794
0.0738793 -0.00114658 -0.0554365
-0.159149 0.0164586 0.0427999
-0.163041 0.0163585 0.0176898
-0.180503 0.0151965 0.0225739
-0.233453 0.014778 0.0976777
-0.237339 0.0136399 0.0725562
-0.254767 0.0121746 0.0774768
-0.00366757 0.00197678 -0.0250373
-0.0211913 0.000813293 -0.0203839
-0.0175121 -0.00139123 0.00463296
-0.000395979 -0.000322568 0.000378188
0.022237 0.0482784 0.0682049
0.253737 -0.00589723 -0.145337
0.425184 -0.06417 -0.226379
0.277676 -0.210853 -0.0718203
0.240279 -0.353064 -0.0495617
0.24495 0.0293529 -0.308894
0.272504 0.241581 -0.185824
0.276751 0.246349 -0.192826
0.24836 0.145819 -0.154987
0.214669 -0.0382643 -0.0340316
0.357576 -0.0702905 -0.10499
0.356185 -0.0914174 -0.0906433
0.361553 -0.303905 0.155976
0.387784 -0.305802 0.126976
0.447927 -0.151728 -0.192698
0.457801 -0.152002 -0.181319
0.427878 0.082549 -0.510994
0.444196 -0.164198 0.172466
0.489139 -0.146809 -0.0243671
0.463105 -0.224516 -0.0435974
0.507936 -0.167741 0.207656
0.179778 -0.116073 -0.108706
0.118648 -0.0896768 -0.167287
0.155154 -0.0858218 0.0797799
0.101446 0.00901854 -0.395533
0.119244 0.0873699 -0.615752
0.242506 -0.0216641 0.0588828
0.31677 -0.0132131 0.00435805
0.0825145 -0.0154721 0.101644
0.0788812 -0.0122751 0.076723
0.0614084 -0.0145554 0.0811755
0.0226528 0.048583 0.0678329
0.254109 -0.00559624 -0.145757
0.425532 -0.0638906 -0.226835
0.278018 -0.210573 -0.0722814
0.240594 -0.352782 -0.0500427
0.245301 0.0296867 -0.309306
0.272916 0.241889 -0.186197
0.277163 0.246658 -0.193199
0.248759 0.146125 -0.155376
0.215052 -0.0379771 -0.0344506
0.357942 -0.0700196 -0.105436
0.356549 -0.0911492 -0.0910936
0.361908 -0.303688 0.155487
0.388134 -0.305585 0.126483
0.448262 -0.151461 -0.193174
0.458138 -0.15174 -0.181796
0.428206 0.0828823 -0.511427
0.444583 -0.164002 0.171992
0.489501 -0.146583 -0.0248453
0.463448 -0.224282 -0.0440868
0.508325 -0.167565 0.207174
0.180134 -0.115765 -0.109135
0.118999 -0.0893454 -0.167702
0.155545 -0.0855454 0.0793608
0.101776 0.00939589 -0.395927
0.119547 0.0877833 -0.616135
0.242906 -0.0214009 0.0584635
0.317164 -0.0129541 0.00392937
0.0829233 -0.0151857 0.10125
0.0792868 -0.0119829 0.07633
0.0618143 -0.0142608 0.0807848
0.234897 -0.0641206 -0.206852
0.406705 -0.128568 -0.282331
0.25023 -0.268956 -0.130308
0.207653 -0.409636 -0.107091
0.231582 -0.0301369 -0.370868
0.26302 0.182389 -0.248962
0.267612 0.186962 -0.255869
0.234842 0.0876734 -0.218076
0.191895 -0.094017 -0.0963259
0.335593 -0.131335 -0.162932
0.333136 -0.152248 -0.148393
0.325311 -0.361467 0.101158
0.352219 -0.364573 0.0729209
0.425746 -0.216465 -0.247011
0.435311 -0.216912 -0.23534
0.422119 0.0158025 -0.5679
0.411918 -0.22432 0.118015
0.462581 -0.210853 -0.0776106
0.434598 -0.287937 -0.0966048
0.474569 -0.22926 0.155103
0.156319 -0.171515 -0.171014
0.0975167 -0.143761 -0.231495
0.127987 -0.138244 0.0164331
0.0894928 -0.0465441 -0.461127
0.115865 0.0298363 -0.681376
0.217922 -0.0772376 -0.00290497
0.293802 -0.0717919 -0.0554526
0.0572388 -0.065311 0.0356144
0.0543181 -0.0623002 0.010575
0.0366779 -0.0639408 0.0146167
0.175341 -0.0551007 -0.074526
0.0394805 -0.191129 0.0977497
0.0141738 -0.331601 0.137156
-0.010176 0.0134542 -0.166205
0.0022446 0.239989 -0.0720696
0.00621727 0.244065 -0.079654
-0.0158253 0.147958 -0.0288688
-0.0367069 -0.0207323 0.114608
0.108168 -0.0508442 0.0467966
0.108375 -0.0699441 0.0635922
0.13224 -0.24841 0.332687
0.158303 -0.251823 0.303799
0.204538 -0.135154 -0.0308594
0.214363 -0.13328 -0.0197455
0.170563 0.0530806 -0.373497
0.2036 -0.10233 0.330533
0.245405 -0.106389 0.133702
0.225539 -0.187055 0.124611
0.268114 -0.096737 0.364213
-0.065568 -0.109533 0.0506412
-0.128262 -0.0953272 -0.0102889
-0.0922012 -0.0577972 0.233965
-0.150249 -0.0278449 -0.2491
-0.133623 0.022761 -0.477525
-0.00984264 0.00940797 0.204164
0.0634497 0.0161928 0.148195
-0.169931 0.00941372 0.247634
-0.173911 0.0091628 0.222522
-0.191184 0.00619958 0.227397
-0.125372 -0.125473 0.187168
-0.143063 -0.263219 0.238897
-0.19 0.0533881 -0.0921308
-0.183227 0.287957 -0.018811
-0.179564 0.291465 -0.0268597
-0.197232 0.199493 0.0330978
-0.20802 0.0430977 0.191716
-0.0640058 0.0124621 0.122358
-0.0625663 -0.00508766 0.140715
-0.0223072 -0.15911 0.422639
0.00284099 -0.163932 0.393286
0.0334767 -0.0746895 0.049414
0.0435094 -0.0715024 0.0599932
-0.0150249 0.0804589 -0.306755
0.0428112 -0.0110548 0.405759
0.077961 -0.0303853 0.209118
0.061137 -0.112097 0.207578
0.108438 -0.000382128 0.436376
-0.235123 -0.0522037 0.136398
-0.299951 -0.0457759 0.076107
-0.258322 0.0142996 0.315718
-0.329843 -0.00048329 -0.167794
-0.318616 0.0297788 -0.400907
-0.179526 0.081937 0.27761
-0.108244 0.0864823 0.218919
-0.338298 0.079771 0.325968
-0.343086 0.0772009 0.301004
-0.360099 0.0739996 0.306651
-0.0278573 -0.138303 0.0448154
-0.064854 0.201625 -0.262781
-0.0323384 0.429524 -0.174743
-0.0288848 0.433256 -0.182788
-0.0508293 0.339235 -0.128064
-0.0659778 0.174099 0.0204181
0.0701906 0.135652 -0.0602451
0.0710496 0.11686 -0.043132
0.111715 -0.0588028 0.22582
0.134567 -0.0638704 0.194789
0.154491 0.0448177 -0.144494
0.165398 0.0463667 -0.134389
0.0981976 0.226304 -0.487328
0.189476 0.0827905 0.214272
0.212056 0.0741147 0.0147449
0.187371 -0.00533738 0.00928825
0.256956 0.0849819 0.241738
-0.105036 0.0857684 -0.0386527
-0.172616 0.101735 -0.0935545
-0.11128 0.141267 0.145413
-0.214463 0.164801 -0.330942
-0.2173 0.207938 -0.561674
-0.0291322 0.204041 0.106541
0.0387122 0.206424 0.0436369
-0.18407 0.211979 0.165472
-0.190514 0.211641 0.140822
-0.207344 0.209491 0.147444
-0.0509577 0.344445 -0.300345
-0.00742575 0.570865 -0.211382
-0.00444878 0.574624 -0.21964
-0.0245504 0.480346 -0.164607
-0.0328267 0.31343 -0.0173469
0.0969197 0.273196 -0.108025
0.09853 0.254146 -0.0912298
0.153316 0.0730939 0.17208
0.173876 0.0680481 0.139486
0.173215 0.181306 -0.199211
0.18485 0.182461 -0.189842
0.0970036 0.367037 -0.536274
0.233591 0.212814 0.15754
0.242401 0.207007 -0.0435958
0.215399 0.128284 -0.0484601
0.30286 0.212625 0.180509
-0.0778528 0.226779 -0.0749316
-0.148913 0.244732 -0.124802
-0.0701806 0.279394 0.110285
-0.206375 0.310926 -0.358287
-0.225075 0.355263 -0.588365
0.0106127 0.341162 0.0667145
0.074206 0.343135 -0.000890063
-0.140126 0.350978 0.136623
-0.14828 0.351215 0.112414
-0.164698 0.349231 0.120187
-0.00708786 0.226312 0.0945487
-0.00341911 0.230721 0.0869859
-0.0177232 0.13294 0.137652
-0.0255466 -0.0378149 0.280431
0.122086 -0.0554548 0.213304
0.123797 -0.074608 0.229978
0.161159 -0.253043 0.497598
0.18771 -0.254054 0.46874
0.225601 -0.131056 0.135245
0.235207 -0.128444 0.146389
0.177391 0.0554865 -0.206331
0.22052 -0.100617 0.497001
0.263449 -0.0999995 0.300118
0.250342 -0.182238 0.290302
0.284608 -0.0897816 0.530771
-0.0465293 -0.128517 0.215635
-0.109802 -0.11912 0.154214
-0.0788928 -0.0801536 0.399078
-0.135325 -0.0521716 -0.0843519
-0.121202 0.000850604 -0.312297
-0.00183973 -0.00589447 0.370337
0.071262 0.00726436 0.314859
-0.162416 -0.0194063 0.412266
-0.166143 -0.0198659 0.387111
-0.18323 -0.0242873 0.391761
0.00469045 0.00422966 -0.00705367
-0.0197882 -0.0926588 0.0410204
-0.0518192 -0.261799 0.181808
0.101707 -0.286653 0.131727
0.100634 -0.305715 0.148549
0.099057 -0.481495 0.420942
0.128764 -0.484131 0.395168
0.210327 -0.366785 0.0658629
0.218727 -0.364497 0.0781096
0.209654 -0.177423 -0.279153
0.165002 -0.332166 0.426144
0.230345 -0.336004 0.234775
0.214875 -0.417623 0.223686
0.225201 -0.323167 0.467262
-0.0697703 -0.35176 0.114876
-0.125395 -0.339572 0.0464835
-0.120252 -0.299983 0.294168
-0.120685 -0.27142 -0.194057
-0.0783785 -0.217022 -0.419093
-0.0369037 -0.230156 0.274005
0.042535 -0.221025 0.227052
-0.201588 -0.234972 0.297855
-0.2025 -0.235569 0.272387
-0.2202 -0.23899 0.275144
-0.0242359 -0.0968639 0.0482461
-0.0559419 -0.265805 0.189345
0.0978047 -0.290215 0.139622
0.0967711 -0.309242 0.156482
0.0953749 -0.48442 0.429246
0.125149 -0.487005 0.403529
0.206879 -0.370082 0.0741195
0.215247 -0.367736 0.0863776
0.2062 -0.181479 -0.271278
0.160755 -0.334801 0.434266
0.226466 -0.338846 0.243013
0.21133 -0.420553 0.232057
0.220874 -0.32547 0.475469
-0.0734231 -0.355991 0.122549
-0.128958 -0.344152 0.0540001
-0.124471 -0.303976 0.301654
-0.123961 -0.276492 -0.1867
-0.0813154 -0.222397 -0.41177
-0.0413215 -0.233886 0.281514
0.038191 -0.224578 0.234697
-0.206075 -0.239228 0.305025
-0.206934 -0.23989 0.279553
-0.224631 -0.243366 0.282278
-0.0290243 -0.169985 0.14041
0.121144 -0.197485 0.0832093
0.120411 -0.216703 0.0998691
0.127048 -0.395868 0.369773
0.155376 -0.398797 0.342756
0.224542 -0.279423 0.0120058
0.233516 -0.277462 0.0238553
0.212415 -0.0873249 -0.330844
0.196303 -0.248352 0.3735
0.252781 -0.251046 0.179763
0.234962 -0.332097 0.168692
0.25822 -0.241459 0.411934
-0.0518792 -0.258755 0.0737525
-0.110196 -0.244796 0.00830297
-0.0928684 -0.208245 0.255241
-0.115366 -0.174812 -0.231189
-0.0827355 -0.120144 -0.457297
-0.00929673 -0.139859 0.231971
0.067938 -0.13176 0.181583
-0.172398 -0.141895 0.26338
-0.174485 -0.142125 0.238024
-0.192063 -0.14527 0.241574
0.142233 -0.0371269 -0.0697524
0.141479 -0.0565157 -0.0532832
0.156908 -0.240607 0.21287
0.182455 -0.245035 0.183755
0.232898 -0.1256 -0.149549
0.242914 -0.12449 -0.138469
0.206568 0.0708277 -0.488841
0.236478 -0.0992127 0.21249
0.276625 -0.102123 0.0152753
0.252019 -0.181327 0.00504296
0.301207 -0.0980252 0.245949
-0.0345588 -0.0857947 -0.0651231
-0.0969991 -0.0669512 -0.125001
-0.0563226 -0.0360244 0.119286
-0.118016 0.00596713 -0.362213
-0.10158 0.0597098 -0.589852
0.0293461 0.0268203 0.0898007
0.102339 0.0304673 0.0332538
-0.129809 0.03507 0.135127
-0.134046 0.0355332 0.11008
-0.151381 0.0334614 0.115129
0.000224602 -0.0181604 0.0177896
0.0281518 -0.182483 0.295199
0.0531866 -0.187979 0.265904
0.0924797 -0.0906292 -0.0750925
0.102609 -0.0883936 -0.0643499
0.0554647 0.0789432 -0.426375
0.102252 -0.0387784 0.283259
0.138176 -0.0541164 0.0863104
0.116381 -0.134475 0.0821498
0.167792 -0.0331034 0.314825
-0.174739 -0.0543419 0.0114388
-0.238704 -0.0420496 -0.0485933
-0.194982 0.00765259 0.192514
-0.26501 0.0127465 -0.290537
-0.251783 0.0499839 -0.522189
-0.112134 0.0712863 0.156887
-0.0403789 0.0733544 0.0987021
-0.270698 0.0772776 0.204784
-0.275451 0.0758156 0.17979
-0.292619 0.0734958 0.185317
0.0289645 -0.164596 0.27714
0.0536671 -0.170301 0.247632
0.0907601 -0.0733269 -0.0936719
0.101005 -0.0711796 -0.0830212
0.0521105 0.0963405 -0.444705
0.104201 -0.021623 0.264539
0.138217 -0.0372092 0.067297
0.115663 -0.117353 0.0633503
0.170036 -0.0165844 0.295536
-0.175316 -0.0346706 -0.00470834
-0.239733 -0.021862 -0.0641182
-0.193327 0.0274473 0.176547
-0.267864 0.033011 -0.305816
-0.256505 0.0698672 -0.537627
-0.11028 0.0903828 0.140145
-0.039051 0.0918526 0.0812877
-0.26831 0.0976631 0.189578
-0.273312 0.0962553 0.164628
-0.290443 0.0940708 0.170325
0.0210663 -0.00927082 -0.0312108
0.0432265 0.0777424 -0.376234
0.0545526 0.0785907 -0.366458
-5.06025e-05 0.246377 -0.727135
0.0926762 0.130564 -0.021154
0.108226 0.108928 -0.220159
0.0744633 0.0326215 -0.2207
0.160683 0.126324 0.00471924
-0.207872 0.154023 -0.26615
-0.275238 0.174669 -0.319775
-0.201443 0.219482 -0.0847446
-0.317268 0.229594 -0.559429
-0.321429 0.2603 -0.792737
-0.113927 0.270479 -0.129304
-0.0481907 0.261868 -0.194194
-0.264865 0.298988 -0.0656739
-0.272225 0.298185 -0.0901146
-0.288946 0.298286 -0.0827706
0.0194413 0.0835161 -0.34604
0.0307762 0.0846481 -0.336323
-0.0272404 0.247072 -0.698775
0.0695004 0.141005 0.00818578
0.0844951 0.11742 -0.190628
0.0519175 0.0406552 -0.190165
0.137697 0.13808 0.0337395
-0.232259 0.157087 -0.235875
-0.300047 0.176055 -0.28957
-0.226202 0.224683 -0.0551679
-0.343396 0.227463 -0.529933
-0.34831 0.25521 -0.763781
-0.139628 0.276516 -0.100673
-0.0740306 0.268166 -0.16574
-0.290733 0.30343 -0.0368231
-0.298169 0.302233 -0.061247
-0.314864 0.302158 -0.0538479
0.0104943 0.00310225 0.0101409
-0.0577808 0.149966 -0.356951
0.0246018 0.0682099 0.354648
0.0515598 0.0455276 0.157151
0.0327055 -0.0356666 0.157572
0.0915375 0.0775063 0.382613
-0.264341 0.0301333 0.0968281
-0.331293 0.0370318 0.0390158
-0.278853 0.0995559 0.276022
-0.369558 0.0788199 -0.204518
-0.36635 0.104247 -0.438725
-0.200123 0.164901 0.233765
-0.13113 0.167016 0.172199
-0.35677 0.166811 0.28857
-0.362624 0.16404 0.263817
-0.379455 0.161262 0.270213
-0.0668466 0.145367 -0.367947
0.0140128 0.0668537 0.344175
0.0410696 0.0429871 0.146845
0.0218057 -0.0380943 0.147667
0.0809476 0.0759555 0.372178
-0.274796 0.0289037 0.0861972
-0.341639 0.0358515 0.0282683
-0.289118 0.0993549 0.265055
-0.379348 0.0766013 -0.215588
-0.375582 0.100853 -0.449987
-0.21002 0.164057 0.222532
-0.140966 0.165486 0.161026
-0.366659 0.167095 0.277204
-0.372508 0.164225 0.252455
-0.389354 0.161572 0.258854
0.0430922 -0.0877054 0.713982
0.0890173 -0.100429 0.518655
0.0849371 -0.18453 0.515853
0.105999 -0.066881 0.74709
-0.216461 -0.169395 0.431719
-0.279084 -0.172089 0.367988
-0.258202 -0.107978 0.609927
-0.303946 -0.128736 0.123007
-0.286539 -0.0939849 -0.108934
-0.18806 -0.0282312 0.576092
-0.115025 -0.0125618 0.520952
-0.348627 -0.0545687 0.615676
-0.351762 -0.0577373 0.590482
-0.368552 -0.0635109 0.595105
0.0290217 -0.0300716 -0.196161
-0.0038794 -0.106708 -0.195555
0.0661636 -0.00213511 0.0303461
-0.283128 0.0100895 -0.265223
-0.346549 0.0282637 -0.324241
-0.289442 0.0833464 -0.0868107
-0.371133 0.0742859 -0.568626
-0.357495 0.097675 -0.802863
-0.19952 0.132945 -0.127727
-0.129647 0.122065 -0.187559
-0.354097 0.163499 -0.0757108
-0.359781 0.161573 -0.100524
-0.376913 0.161948 -0.0943276
-0.0251552 -0.0793468 0.00205003
0.0376109 0.0348717 0.22543
-0.314664 0.00810124 -0.066287
-0.379824 0.0188934 -0.125345
-0.326564 0.0832001 0.111118
-0.410195 0.0577968 -0.370658
-0.400154 0.0777678 -0.605589
-0.242343 0.140783 0.0686375
-0.172441 0.135788 0.00829511
-0.398728 0.156799 0.121071
-0.404396 0.153881 0.0962874
-0.42144 0.152657 0.102537
0.0716308 0.111001 0.222265
-0.291991 0.0878617 -0.055662
-0.359504 0.0990672 -0.111915
-0.296945 0.160576 0.123008
-0.399931 0.14008 -0.355289
-0.399748 0.161503 -0.590206
-0.214443 0.218972 0.0779792
-0.146897 0.214925 0.0148056
-0.36886 0.233667 0.1368
-0.375499 0.231073 0.112211
-0.392303 0.229679 0.119117
-0.349246 0.00773243 -0.295763
-0.412357 0.0249462 -0.35541
-0.354413 0.0871066 -0.119537
-0.435553 0.0633475 -0.601711
-0.420215 0.0788103 -0.837102
-0.263689 0.134004 -0.16225
-0.193967 0.120042 -0.221821
-0.417741 0.168769 -0.110895
-0.423487 0.166118 -0.135674
-0.44061 0.166971 -0.129442
-0.0655099 0.0176798 -0.0568195
-0.015471 0.0457904 0.186016
-0.0992571 0.0929201 -0.291665
-0.0949146 0.149261 -0.519079
0.0668759 0.112007 0.154098
0.137283 0.11898 0.0944756
-0.0906173 0.114075 0.206209
-0.0959141 0.114852 0.181365
-0.112967 0.112083 0.187079
0.0469363 0.0216184 0.24408
-0.0342395 0.081897 -0.2325
-0.0305463 0.145766 -0.457829
0.127694 0.0912515 0.215084
0.198461 0.102195 0.156305
-0.0304699 0.0871135 0.265611
-0.0355157 0.0885283 0.240758
-0.0525567 0.0850908 0.246189
-0.0685711 0.0589654 -0.478662
-0.0541736 0.117877 -0.705029
0.0887349 0.0584553 -0.0292823
0.160898 0.0593807 -0.0869654
-0.0688021 0.0747291 0.0192829
-0.0734408 0.0761796 -0.00564053
-0.0907687 0.0749765 -0.000295451
0.00493959 0.0683063 -0.223983
0.142211 0.0206102 0.453661
0.213801 0.0407905 0.397583
-0.0173797 -0.00279502 0.49767
-0.0215195 -0.00162465 0.472645
-0.0383752 -0.00711656 0.477279
0.119909 -0.0296963 0.681797
0.191181 -0.00161466 0.627563
-0.0391873 -0.071052 0.720874
-0.0426062 -0.0705122 0.695707
-0.0590792 -0.0778992 0.699779
0.0738217 -0.000456374 -0.0555232
-0.159077 0.0161015 0.0432014
-0.162995 0.016379 0.0180966
-0.180454 0.0151753 0.0229809
-0.233329 0.01374 0.0981246
-0.237242 0.0129797 0.0729931
-0.254668 0.0114722 0.0779094
-0.00368914 0.00235261 -0.0250016
-0.0212103 0.00115101 -0.020348
-0.0175098 -0.00142903 0.00462988
