0.0310495 -0.0853214 -0.15369 -0.983939 1616574760346146326
0.0309083 -0.0855343 -0.153874 -0.983896 1616574762446922369
0.0614582 -0.11449 -0.144498 -0.980936 1616574764537254479
0.0252637 -0.0144456 -0.0269744 -0.999212 1616574766638200428
0.00385606 -0.0206394 -0.0610317 0.997915 1616574768739197831
0.0676808 0.0679299 0.0073476 0.995365 1616574770840123869
0.136462 0.0904882 0.0197462 0.986306 1616574772931040229
0.0278282 0.0688743 -0.0312504 -0.996747 1616574775031944375
0.14282 0.0274233 -0.0255798 -0.989038 1616574777133267808
0.144646 0.0312821 -0.0235605 -0.988708 1616574779217889779
0.0982606 0.00369535 -0.034827 -0.994544 1616574781314183575
0.0176017 -0.0719531 -0.0457367 -0.996203 1616574783411023334
0.00115578 -0.0394998 0.0269553 -0.998855 1616574785508458334
0.00797188 0.0483363 -0.0270102 0.998434 1616574787596348222
0.0901301 0.18555 -0.038052 0.977752 1616574789694250373
0.092493 0.171515 -0.0511034 0.979498 1616574791793235711
0.0426563 0.00319208 -0.0754735 0.99623 1616574795979740830
0.0414387 0.00872089 -0.0803178 0.995869 1616574798080292857
0.0422802 0.171561 0.0598034 -0.982447 1616574800178085002
0.017676 0.181497 -0.0733183 0.980495 1616574806466445335
0.0243033 0.0844979 -0.0950526 0.991582 1616574808565905886
0.0646702 0.0818034 -0.0852678 0.990886 1616574812755469667
0.0140662 0.197854 -0.105081 0.974481 1616574816945649651
0.0283098 0.042069 0.0597626 0.996924 1616574823246515836
0.0228124 0.0110274 0.0907809 0.995549 1616574825335879792
0.00181068 -0.131827 -0.0736619 -0.98853 1616574827437490143
0.00486294 0.109641 -0.100403 -0.988875 1616574829535888570
0.0240229 0.223145 -0.0902114 -0.970305 1616574831627413957
0.0347649 -0.115862 -0.0326427 -0.99212 1616574833726439464
0.03696 -0.0882034 0.00412903 -0.995408 1616574835827563504
0.0353957 -0.136476 -0.112368 -0.983613 1616574837927677575
0.0346928 -0.124039 -0.114314 -0.98506 1616574840018025416
0.0332796 -0.126405 -0.122874 -0.983776 1616574842118226161