0.0295103 0.0563108 -0.024956 0.997665 1616574770029337811
0.141693 0.024188 -0.0276012 -0.98923 1616574776972852789
0.00647755 -0.0675539 -0.0258494 -0.99736 1616574783890946048
0.0924475 0.173517 -0.0538347 0.979003 1616574790824002034
0.042137 0.0122059 -0.0837303 0.995522 1616574797759397839
0.00752475 0.119691 -0.0755178 0.989906 1616574804686722063
0.006057 0.0333699 0.0340905 -0.998843 1616574811626825136
0.0042413 -0.159506 0.104328 -0.98166 1616574818565301402
0.0163142 0.0421136 0.0965205 0.994306 1616574825496238524
0.0426226 -0.10712 -0.085569 -0.98964 1616574832437667774
