0.000412623 -0.000371471 0.000309237
-0.0205498 -0.0678517 -0.0495081
-0.25839 0.136477 0.012215
-0.431701 0.210362 0.0743577
-0.27719 0.0577385 0.215762
-0.23723 0.0336669 0.356977
-0.25557 0.300967 -0.0194955
-0.281705 0.181689 -0.234055
-0.286247 0.188646 -0.238615
-0.0209818 -0.0674874 -0.0497993
-0.258779 0.13689 0.0119279
-0.432067 0.210812 0.0740928
-0.27755 0.0581937 0.215497
-0.237565 0.034143 0.35671
-0.255939 0.301375 -0.0198157
-0.282133 0.182055 -0.23435
-0.286675 0.189011 -0.23891
-0.255717 0.149991 -0.139596
-0.240881 0.197312 0.0715576
-0.414286 0.265492 0.139754
-0.25098 0.115843 0.274813
-0.205832 0.0910234 0.414413
-0.243529 0.362048 0.04119
-0.273588 0.243808 -0.173595
-0.278468 0.250653 -0.177957
-0.243164 0.211838 -0.0799388
-0.193799 0.0876834 0.0984641
-0.177025 0.0673117 0.0588743
-0.0336942 -0.103177 0.189376
-0.0052623 -0.144755 0.328619
0.00439933 0.166709 -0.00987955
-0.00777031 0.0771671 -0.238283
-0.0120484 0.0846994 -0.24214
0.0129315 0.0326083 -0.147461
0.0408098 -0.113721 0.0177313
-0.105865 -0.051539 0.0511046
0.133213 -0.185495 0.119746
0.154414 -0.239585 0.256082
0.186085 0.0996697 -0.0536364
0.178754 0.0312939 -0.289677
0.174777 0.0392881 -0.29296
0.195641 -0.022026 -0.202566
0.213783 -0.183558 -0.0498778
0.067923 -0.119814 -0.015957
0.0673292 -0.138587 0.00119662
0.0311349 -0.0468486 0.136923
0.0533589 0.269165 -0.196509
0.0208844 0.185063 -0.425896
0.017114 0.193066 -0.429405
0.0421015 0.137081 -0.336898
0.0643731 -0.0143659 -0.175301
-0.073926 0.0607708 -0.133415
-0.0739654 0.0432329 -0.114998
-0.103279 -0.230711 0.0551247
0.0363617 0.30934 -0.338279
-0.00707174 0.223908 -0.566074
-0.0103734 0.232141 -0.569612
0.0127862 0.17578 -0.476832
0.0281719 0.0252807 -0.313344
-0.104023 0.110603 -0.269527
-0.104821 0.0933518 -0.250837
-0.148367 -0.175551 -0.0750286
-0.169946 -0.143792 -0.0690097
0.00734289 -0.0892969 -0.228427
0.00336493 -0.0817687 -0.232622
0.020629 -0.13404 -0.136172
0.0354608 -0.28016 0.0312585
-0.114108 -0.218483 0.0521823
-0.115009 -0.23562 0.0709796
-0.141031 -0.50818 0.243864
-0.168523 -0.48027 0.245839
-0.219207 -0.145651 0.130755
-0.00497955 0.00698092 -0.00401441
0.0223536 -0.0423355 0.0914764
0.0612894 -0.185609 0.257043
-0.0935021 -0.141322 0.284872
-0.0916171 -0.15851 0.30354
-0.0785986 -0.43446 0.47319
-0.10912 -0.409773 0.47676
-0.203234 -0.0809461 0.367764
-0.211245 -0.0934181 0.365307
0.027096 -0.049496 0.0954653
0.0657149 -0.193087 0.26083
-0.0892905 -0.149156 0.288209
-0.0874441 -0.166382 0.306843
-0.0746015 -0.442696 0.475885
-0.105189 -0.418066 0.479403
-0.199467 -0.0891508 0.370835
-0.207448 -0.101632 0.368319
-0.212856 0.260101 0.18996
0.0359292 -0.143016 0.166456
-0.115712 -0.0915597 0.197047
-0.11417 -0.1086 0.215879
-0.109401 -0.382416 0.389068
-0.138582 -0.356446 0.392942
-0.220382 -0.0257107 0.2818
-0.228976 -0.0378124 0.279685
-0.222288 0.32146 0.0972366
-0.180391 -0.385274 0.242361
-0.144009 0.0640578 0.0403971
-0.142451 0.0472049 0.0594044
-0.14653 -0.223269 0.237709
-0.172983 -0.195142 0.243094
-0.236159 0.138782 0.131719
-0.245809 0.127396 0.130485
-0.223808 0.482975 -0.0574245
-0.227888 -0.222508 0.0973369
-0.274611 -0.0268799 0.105118
0.000609153 -0.0181787 0.0177619
-0.0158364 -0.299893 0.176206
-0.0417703 -0.271592 0.182656
-0.0937771 0.069916 0.0933952
-0.103567 0.058887 0.0910448
-0.0708047 0.425866 -0.0687655
-0.0921473 -0.287345 0.0337149
-0.13448 -0.0921106 0.0538629
-0.111802 -0.0889656 0.134023
-0.0174878 -0.281486 0.158736
-0.0430941 -0.252965 0.165396
-0.0929077 0.0889159 0.0764904
-0.102815 0.0779729 0.0742318
-0.0682947 0.444675 -0.0857907
-0.0949466 -0.268333 0.0170048
-0.135381 -0.0727455 0.0373842
-0.111938 -0.0697837 0.117316
-0.15976 -0.301429 0.0120803
-0.0219837 0.0302681 0.0102181
-0.0568708 0.376155 -0.0688286
-0.0678713 0.366022 -0.069756
-0.0276155 0.731916 -0.230136
-0.095015 0.0208374 -0.128923
-0.116976 0.21868 -0.102682
-0.0822674 0.218703 -0.0267989
-0.162052 -0.00741588 -0.124432
0.196786 0.276348 -0.150588
-0.0321589 0.346919 -0.0755612
-0.043174 0.33685 -0.0767708
0.00050259 0.704518 -0.231793
-0.0710013 -0.00746415 -0.140295
-0.0923756 0.190164 -0.112116
-0.0588119 0.189134 -0.0357832
-0.138255 -0.0353759 -0.13711
0.222137 0.246992 -0.154622
0.287827 0.303358 -0.173216
-0.0101861 -0.0104213 -0.00319889
0.043787 0.361891 -0.142688
-0.0135259 -0.353707 -0.0757713
-0.0468231 -0.157781 -0.0483782
-0.0269179 -0.159332 0.032551
-0.0795966 -0.383719 -0.0848713
0.26704 -0.0871187 -0.0354942
0.331913 -0.0269303 -0.0419206
0.28668 -0.26416 -0.109054
0.0525361 0.373086 -0.137955
-0.00327894 -0.342912 -0.0743116
-0.0366539 -0.147183 -0.0457372
-0.0163274 -0.149117 0.0350654
-0.0693448 -0.372967 -0.083218
0.277146 -0.0761684 -0.034156
0.341906 -0.0158661 -0.0406277
0.29657 -0.252859 -0.108734
0.370852 0.22996 -0.0764033
-0.017891 -0.716775 0.0723322
-0.0701986 -0.523444 0.0899526
-0.0651288 -0.522339 0.174039
-0.0799114 -0.751538 0.0515445
0.233045 -0.427713 0.157109
0.293516 -0.361966 0.160457
0.279965 -0.603019 0.0912429
0.309553 -0.115396 0.12226
0.283899 0.116523 0.0928874
-0.0352192 0.194361 0.0347754
-0.00132892 0.193201 0.110974
-0.0650712 -0.032614 0.00226546
0.273884 0.274838 -0.00763818
0.335041 0.336358 -0.025267
0.285254 0.0983828 -0.084914
0.350786 0.582381 -0.0661416
0.328968 0.816475 -0.0841508
0.193372 0.137295 -0.132493
0.026233 -0.0029244 0.0789695
-0.0304466 -0.225763 -0.0394132
0.312123 0.0770915 -0.0104563
0.375112 0.138549 -0.0207256
0.329019 -0.0981275 -0.0896191
0.396701 0.385541 -0.0545337
0.378499 0.620376 -0.0691542
0.242677 -0.0572854 -0.145214
0.170854 0.000526007 -0.138029
-0.0655345 -0.222096 -0.115033
0.288792 0.0674445 -0.0901512
0.354222 0.126188 -0.100925
0.298819 -0.109327 -0.166874
0.385898 0.371631 -0.137007
0.377529 0.606817 -0.1532
0.2141 -0.0658619 -0.223246
0.144524 -0.00512096 -0.216973
0.370207 -0.119072 -0.241123
0.33896 0.307547 -0.00540807
0.3998 0.369663 -0.0220589
0.349032 0.13337 -0.0887367
0.414191 0.617388 -0.0552558
0.390737 0.852404 -0.0652948
0.256323 0.173991 -0.133565
0.184821 0.230842 -0.117435
0.411555 0.128666 -0.171336
0.416498 0.153562 -0.168205
0.0633257 0.0593825 -0.0172088
0.0211326 -0.184341 -0.0500986
0.0881716 0.296823 -0.0876159
0.0754468 0.525133 -0.138831
-0.063091 -0.153801 -0.114582
-0.135549 -0.0964649 -0.119371
0.0960278 -0.200478 -0.119725
0.100474 -0.175457 -0.120014
0.117745 -0.180648 -0.117581
-0.0389668 -0.245004 -0.0264652
0.0253307 0.235259 -0.0771198
0.0132279 0.461672 -0.135915
-0.121548 -0.217254 -0.0944482
-0.19439 -0.160687 -0.10322
0.0382678 -0.262461 -0.0933602
0.0424553 -0.237426 -0.0942836
0.0597125 -0.242349 -0.0911754
0.0516479 0.481886 -0.0491421
0.0288768 0.708864 -0.102828
-0.0904183 0.0275207 -0.0567053
-0.164489 0.0827272 -0.0554697
0.0684412 -0.0153023 -0.0759714
0.0722189 0.00978993 -0.0769239
0.089731 0.0050112 -0.0760509
-0.0133605 0.225122 -0.0632457
-0.12711 -0.45767 -0.0289557
-0.200802 -0.403627 -0.0470115
0.0341613 -0.496736 -0.00847921
0.0374407 -0.471565 -0.00914337
0.0545124 -0.475743 -0.00396145
-0.0964911 -0.68596 0.0159923
-0.169905 -0.633577 -0.0100071
0.0643519 -0.720506 0.0545292
0.0669142 -0.695231 0.0545073
0.083609 -0.698902 0.0616009
-0.0756372 0.052962 0.00258912
0.16022 -0.0374151 -0.0189933
0.163286 -0.0121916 -0.0187604
0.180914 -0.0165055 -0.0178783
0.236303 -0.0898244 -0.0187574
0.239377 -0.0645971 -0.0174864
0.256977 -0.0689507 -0.0163008
0.00281453 0.0251577 -0.00184106
0.0204965 0.0210765 -0.0009566
0.0176728 -0.00406286 0.00111249
0.000412623 -0.000371471 0.000309237
-0.0205498 -0.0678517 -0.0495081
-0.25839 0.136477 0.012215
-0.431701 0.210362 0.0743577
-0.27719 0.0577385 0.215762
-0.23723 0.0336669 0.356977
-0.25557 0.300967 -0.0194955
-0.281705 0.181689 -0.234055
-0.286247 0.188646 -0.238615
-0.255301 0.149609 -0.139304
-0.215181 0.0258823 0.041622
-0.359971 0.0912333 0.0769551
-0.357824 0.0764851 0.0977393
-0.35214 -0.174748 0.304742
-0.379305 -0.146703 0.307603
-0.452164 0.174028 0.161416
-0.0209818 -0.0674874 -0.0497993
-0.258779 0.13689 0.0119279
-0.432067 0.210812 0.0740928
-0.27755 0.0581937 0.215497
-0.237565 0.034143 0.35671
-0.255939 0.301375 -0.0198157
-0.282133 0.182055 -0.23435
-0.286675 0.189011 -0.23891
-0.255717 0.149991 -0.139596
-0.215581 0.0262943 0.0413489
-0.360355 0.091673 0.0766986
-0.358206 0.0769285 0.0974856
-0.352514 -0.174267 0.30454
-0.379674 -0.146218 0.307401
-0.452518 0.174497 0.161164
-0.462001 0.162787 0.16131
-0.240881 0.197312 0.0715576
-0.414286 0.265492 0.139754
-0.25098 0.115843 0.274813
-0.205832 0.0910234 0.414413
-0.243529 0.362048 0.04119
-0.273588 0.243808 -0.173595
-0.278468 0.250653 -0.177957
-0.243164 0.211838 -0.0799388
-0.193799 0.0876834 0.0984641
-0.339164 0.148543 0.139
-0.335949 0.133644 0.159554
-0.317024 -0.12 0.363063
-0.344824 -0.0927668 0.367124
-0.430989 0.227637 0.227069
-0.44015 0.215642 0.227373
-0.44117 0.553452 0.0019646
-0.177025 0.0673117 0.0588743
-0.0336942 -0.103177 0.189376
-0.0052623 -0.144755 0.328619
0.00439933 0.166709 -0.00987955
-0.00777031 0.0771671 -0.238283
-0.0120484 0.0846994 -0.24214
0.0129315 0.0326083 -0.147461
0.0408098 -0.113721 0.0177313
-0.105865 -0.051539 0.0511046
-0.10526 -0.0687443 0.0698276
-0.117743 -0.342322 0.242546
-0.144718 -0.314416 0.246917
-0.203697 0.0209442 0.138286
-0.213166 0.00954662 0.136286
-0.183714 0.36856 -0.0426852
-0.191017 -0.339406 0.0974288
0.133213 -0.185495 0.119746
0.154414 -0.239585 0.256082
0.186085 0.0996697 -0.0536364
0.178754 0.0312939 -0.289677
0.174777 0.0392881 -0.29296
0.195641 -0.022026 -0.202566
0.213783 -0.183558 -0.0498778
0.067923 -0.119814 -0.015957
0.0673292 -0.138587 0.00119662
0.0385788 -0.425006 0.149394
0.0125209 -0.396637 0.155172
-0.0308262 -0.0521386 0.0739747
-0.0405373 -0.0629803 0.0706757
0.00364708 0.30877 -0.0737978
-0.0289784 -0.407123 0.00255365
-0.0704767 -0.212257 0.0266766
0.0311349 -0.0468486 0.136923
0.0533589 0.269165 -0.196509
0.0208844 0.185063 -0.425896
0.017114 0.193066 -0.429405
0.0421015 0.137081 -0.336898
0.0643731 -0.0143659 -0.175301
-0.073926 0.0607708 -0.133415
-0.0739654 0.0432329 -0.114998
-0.103279 -0.230711 0.0551247
-0.127096 -0.200591 0.0611586
-0.159835 0.140109 -0.0397107
-0.170414 0.129676 -0.041351
-0.117466 0.488531 -0.214203
-0.183208 -0.218725 -0.0852197
-0.21238 -0.0203156 -0.0718369
-0.186868 -0.0157577 0.00741045
0.0363617 0.30934 -0.338279
-0.00707174 0.223908 -0.566074
-0.0103734 0.232141 -0.569612
0.0127862 0.17578 -0.476832
0.0281719 0.0252807 -0.313344
-0.104023 0.110603 -0.269527
-0.104821 0.0933518 -0.250837
-0.148367 -0.175551 -0.0750286
-0.169946 -0.143792 -0.0690097
-0.182152 0.197122 -0.174711
-0.193479 0.18739 -0.175932
-0.119739 0.540547 -0.353819
-0.230884 -0.160702 -0.213403
-0.246386 0.0398449 -0.203021
-0.218548 0.0439054 -0.124543
-0.299332 -0.186008 -0.212882
0.00734289 -0.0892969 -0.228427
0.00336493 -0.0817687 -0.232622
0.020629 -0.13404 -0.136172
0.0354608 -0.28016 0.0312585
-0.114108 -0.218483 0.0521823
-0.115009 -0.23562 0.0709796
-0.141031 -0.50818 0.243864
-0.168523 -0.48027 0.245839
-0.219207 -0.145651 0.130755
-0.228465 -0.157054 0.128013
-0.18494 0.201351 -0.0487228
-0.202343 -0.506276 0.0922225
-0.251881 -0.310998 0.0965041
-0.23805 -0.302537 0.178775
-0.265391 -0.541958 0.0814204
0.05542 -0.216681 0.123116
-0.00497955 0.00698092 -0.00401441
0.0223536 -0.0423355 0.0914764
0.0612894 -0.185609 0.257043
-0.0935021 -0.141322 0.284872
-0.0916171 -0.15851 0.30354
-0.0785986 -0.43446 0.47319
-0.10912 -0.409773 0.47676
-0.203234 -0.0809461 0.367764
-0.211245 -0.0934181 0.365307
-0.216625 0.267941 0.186123
-0.146255 -0.43864 0.324597
-0.217949 -0.24973 0.333482
-0.201808 -0.239904 0.415133
-0.205147 -0.481573 0.31542
0.0781374 -0.120083 0.348244
0.131265 -0.0495925 0.336903
0.027096 -0.049496 0.0954653
0.0657149 -0.193087 0.26083
-0.0892905 -0.149156 0.288209
-0.0874441 -0.166382 0.306843
-0.0746015 -0.442696 0.475885
-0.105189 -0.418066 0.479403
-0.199467 -0.0891508 0.370835
-0.207448 -0.101632 0.368319
-0.212856 0.260101 0.18996
-0.141703 -0.446669 0.326998
-0.213758 -0.25789 0.336093
-0.197946 -0.248212 0.417833
-0.200516 -0.489676 0.317487
0.0821009 -0.127718 0.352259
0.135139 -0.0570819 0.341271
0.138474 -0.303811 0.295658
0.0359292 -0.143016 0.166456
-0.115712 -0.0915597 0.197047
-0.11417 -0.1086 0.215879
-0.109401 -0.382416 0.389068
-0.138582 -0.356446 0.392942
-0.220382 -0.0257107 0.2818
-0.228976 -0.0378124 0.279685
-0.222288 0.32146 0.0972366
-0.180391 -0.385274 0.242361
-0.243321 -0.193672 0.250047
-0.224839 -0.183771 0.331102
-0.241062 -0.425629 0.235369
0.0576718 -0.0775728 0.256401
0.113567 -0.00989262 0.243191
0.104093 -0.256421 0.201374
0.109765 0.231106 0.17849
-0.144009 0.0640578 0.0403971
-0.142451 0.0472049 0.0594044
-0.14653 -0.223269 0.237709
-0.172983 -0.195142 0.243094
-0.236159 0.138782 0.131719
-0.245809 0.127396 0.130485
-0.223808 0.482975 -0.0574245
-0.227888 -0.222508 0.0973369
-0.274611 -0.0268799 0.105118
-0.249342 -0.0175475 0.184224
-0.291463 -0.25811 0.0961942
0.0334521 0.0643727 0.0867939
0.0935921 0.126733 0.0685272
0.0607678 -0.118062 0.0326757
0.105666 0.366055 0.00064888
0.0808819 0.594122 -0.0478167
0.000609153 -0.0181787 0.0177619
-0.0158364 -0.299893 0.176206
-0.0417703 -0.271592 0.182656
-0.0937771 0.069916 0.0933952
-0.103567 0.058887 0.0910448
-0.0708047 0.425866 -0.0687655
-0.0921473 -0.287345 0.0337149
-0.13448 -0.0921106 0.0538629
-0.111802 -0.0889656 0.134023
-0.156655 -0.320987 0.028138
0.175713 -0.00668247 0.0519427
0.237456 0.0557402 0.0402099
0.201239 -0.185571 -0.014303
0.25489 0.299575 -0.00951112
0.233391 0.531401 -0.0414266
0.116423 -0.151398 -0.0761157
-0.0174878 -0.281486 0.158736
-0.0430941 -0.252965 0.165396
-0.0929077 0.0889159 0.0764904
-0.102815 0.0779729 0.0742318
-0.0682947 0.444675 -0.0857907
-0.0949466 -0.268333 0.0170048
-0.135381 -0.0727455 0.0373842
-0.111938 -0.0697837 0.117316
-0.15976 -0.301429 0.0120803
0.175492 0.00990002 0.0326296
0.237701 0.0717276 0.0203614
0.198791 -0.169242 -0.0337163
0.256967 0.31538 -0.0294642
0.237333 0.54742 -0.0610178
0.113759 -0.134316 -0.0948114
0.0405759 -0.0778932 -0.0941054
-0.0219837 0.0302681 0.0102181
-0.0568708 0.376155 -0.0688286
-0.0678713 0.366022 -0.069756
-0.0276155 0.731916 -0.230136
-0.095015 0.0208374 -0.128923
-0.116976 0.21868 -0.102682
-0.0822674 0.218703 -0.0267989
-0.162052 -0.00741588 -0.124432
0.196786 0.276348 -0.150588
0.262036 0.332666 -0.170856
0.195623 0.0962993 -0.21998
0.295259 0.574749 -0.220948
0.291165 0.808678 -0.246509
0.106004 0.138963 -0.268905
0.0382376 0.201381 -0.258054
0.258619 0.0811305 -0.300657
-0.0321589 0.346919 -0.0755612
-0.043174 0.33685 -0.0767708
0.00050259 0.704518 -0.231793
-0.0710013 -0.00746415 -0.140295
-0.0923756 0.190164 -0.112116
-0.0588119 0.189134 -0.0357832
-0.138255 -0.0353759 -0.13711
0.222137 0.246992 -0.154622
0.287827 0.303358 -0.173216
0.221295 0.0677005 -0.226139
0.32239 0.546118 -0.219792
0.31907 0.780547 -0.242392
0.132575 0.11136 -0.27589
0.0649373 0.173965 -0.265297
0.285384 0.0532782 -0.306053
0.292008 0.0779085 -0.304405
-0.0101861 -0.0104213 -0.00319889
0.043787 0.361891 -0.142688
-0.0135259 -0.353707 -0.0757713
-0.0468231 -0.157781 -0.0483782
-0.0269179 -0.159332 0.032551
-0.0795966 -0.383719 -0.0848713
0.26704 -0.0871187 -0.0354942
0.331913 -0.0269303 -0.0419206
0.28668 -0.26416 -0.109054
0.361413 0.218615 -0.0787482
0.349993 0.453077 -0.0989222
0.205734 -0.223185 -0.17248
0.134685 -0.163966 -0.172386
0.364099 -0.272587 -0.177515
0.369151 -0.247716 -0.174266
0.386222 -0.253596 -0.171837
0.0525361 0.373086 -0.137955
-0.00327894 -0.342912 -0.0743116
-0.0366539 -0.147183 -0.0457372
-0.0163274 -0.149117 0.0350654
-0.0693448 -0.372967 -0.083218
0.277146 -0.0761684 -0.034156
0.341906 -0.0158661 -0.0406277
0.29657 -0.252859 -0.108734
0.370852 0.22996 -0.0764033
0.358883 0.464569 -0.0953917
0.215256 -0.211645 -0.171508
0.144158 -0.152502 -0.170728
0.373595 -0.260888 -0.177667
0.378644 -0.236023 -0.174319
0.395729 -0.241904 -0.172014
-0.017891 -0.716775 0.0723322
-0.0701986 -0.523444 0.0899526
-0.0651288 -0.522339 0.174039
-0.0799114 -0.751538 0.0515445
0.233045 -0.427713 0.157109
0.293516 -0.361966 0.160457
0.279965 -0.603019 0.0912429
0.309553 -0.115396 0.12226
0.283899 0.116523 0.0928874
0.2077 -0.569855 0.0131276
0.132653 -0.516897 -0.000421859
0.369835 -0.60453 0.036622
0.372161 -0.579318 0.0403114
0.38917 -0.583494 0.045776
-0.0352192 0.194361 0.0347754
-0.00132892 0.193201 0.110974
-0.0650712 -0.032614 0.00226546
0.273884 0.274838 -0.00763818
0.335041 0.336358 -0.025267
0.285254 0.0983828 -0.084914
0.350786 0.582381 -0.0661416
0.328968 0.816475 -0.0841508
0.193372 0.137295 -0.132493
0.121671 0.194468 -0.119435
0.349205 0.0912343 -0.166075
0.354075 0.116178 -0.163667
0.3714 0.110577 -0.164389
0.026233 -0.0029244 0.0789695
-0.0304466 -0.225763 -0.0394132
0.312123 0.0770915 -0.0104563
0.375112 0.138549 -0.0207256
0.329019 -0.0981275 -0.0896191
0.396701 0.385541 -0.0545337
0.378499 0.620376 -0.0691542
0.242677 -0.0572854 -0.145214
0.170854 0.000526007 -0.138029
0.400519 -0.104018 -0.164294
0.405387 -0.079126 -0.160895
0.422646 -0.0848191 -0.160019
-0.0655345 -0.222096 -0.115033
0.288792 0.0674445 -0.0901512
0.354222 0.126188 -0.100925
0.298819 -0.109327 -0.166874
0.385898 0.371631 -0.137007
0.377529 0.606817 -0.1532
0.2141 -0.0658619 -0.223246
0.144524 -0.00512096 -0.216973
0.370207 -0.119072 -0.241123
0.376048 -0.094335 -0.238065
0.393091 -0.100695 -0.23703
0.33896 0.307547 -0.00540807
0.3998 0.369663 -0.0220589
0.349032 0.13337 -0.0887367
0.414191 0.617388 -0.0552558
0.390737 0.852404 -0.0652948
0.256323 0.173991 -0.133565
0.184821 0.230842 -0.117435
0.411555 0.128666 -0.171336
0.416498 0.153562 -0.168205
0.433808 0.147934 -0.169405
0.0633257 0.0593825 -0.0172088
0.0211326 -0.184341 -0.0500986
0.0881716 0.296823 -0.0876159
0.0754468 0.525133 -0.138831
-0.063091 -0.153801 -0.114582
-0.135549 -0.0964649 -0.119371
0.0960278 -0.200478 -0.119725
0.100474 -0.175457 -0.120014
0.117745 -0.180648 -0.117581
-0.0389668 -0.245004 -0.0264652
0.0253307 0.235259 -0.0771198
0.0132279 0.461672 -0.135915
-0.121548 -0.217254 -0.0944482
-0.19439 -0.160687 -0.10322
0.0382678 -0.262461 -0.0933602
0.0424553 -0.237426 -0.0942836
0.0597125 -0.242349 -0.0911754
0.0516479 0.481886 -0.0491421
0.0288768 0.708864 -0.102828
-0.0904183 0.0275207 -0.0567053
-0.164489 0.0827272 -0.0554697
0.0684412 -0.0153023 -0.0759714
0.0722189 0.00978993 -0.0769239
0.089731 0.0050112 -0.0760509
-0.0133605 0.225122 -0.0632457
-0.12711 -0.45767 -0.0289557
-0.200802 -0.403627 -0.0470115
0.0341613 -0.496736 -0.00847921
0.0374407 -0.471565 -0.00914337
0.0545124 -0.475743 -0.00396145
-0.0964911 -0.68596 0.0159923
-0.169905 -0.633577 -0.0100071
0.0643519 -0.720506 0.0545292
0.0669142 -0.695231 0.0545073
0.083609 -0.698902 0.0616009
-0.0756372 0.052962 0.00258912
0.16022 -0.0374151 -0.0189933
0.163286 -0.0121916 -0.0187604
0.180914 -0.0165055 -0.0178783
0.236303 -0.0898244 -0.0187574
0.239377 -0.0645971 -0.0174864
0.256977 -0.0689507 -0.0163008
0.00281453 0.0251577 -0.00184106
0.0204965 0.0210765 -0.0009566
0.0176728 -0.00406286 0.00111249
0.000412623 -0.000371471 0.000309237
-0.0205498 -0.0678517 -0.0495081
-0.25839 0.136477 0.012215
-0.431701 0.210362 0.0743577
-0.27719 0.0577385 0.215762
-0.23723 0.0336669 0.356977
-0.25557 0.300967 -0.0194955
-0.281705 0.181689 -0.234055
-0.286247 0.188646 -0.238615
-0.255301 0.149609 -0.139304
-0.215181 0.0258823 0.041622
-0.359971 0.0912333 0.0769551
-0.357824 0.0764851 0.0977393
-0.35214 -0.174748 0.304742
-0.379305 -0.146703 0.307603
-0.452164 0.174028 0.161416
-0.461645 0.162316 0.161557
-0.445871 0.497852 -0.0659552
-0.435979 -0.190984 0.16572
-0.487745 0.00454175 0.153259
-0.461371 0.022946 0.231051
-0.498446 -0.228387 0.169255
-0.181822 0.0999841 0.120641
-0.123045 0.161168 0.0948108
-0.151258 -0.086853 0.08591
-0.114814 0.391964 0.00101099
-0.141028 0.613108 -0.0722037
-0.240086 -0.0675395 0.0233009
-0.316247 -0.0153959 0.0169686
-0.0788386 -0.1047 0.0142125
-0.076088 -0.079606 0.0115262
-0.0584472 -0.0835114 0.0134941
-0.0209818 -0.0674874 -0.0497993
-0.258779 0.13689 0.0119279
-0.432067 0.210812 0.0740928
-0.27755 0.0581937 0.215497
-0.237565 0.034143 0.35671
-0.255939 0.301375 -0.0198157
-0.282133 0.182055 -0.23435
-0.286675 0.189011 -0.23891
-0.255717 0.149991 -0.139596
-0.215581 0.0262943 0.0413489
-0.360355 0.091673 0.0766986
-0.358206 0.0769285 0.0974856
-0.352514 -0.174267 0.30454
-0.379674 -0.146218 0.307401
-0.452518 0.174497 0.161164
-0.462001 0.162787 0.16131
-0.446218 0.498281 -0.0662748
-0.436384 -0.19052 0.165539
-0.488125 0.00501219 0.153048
-0.461733 0.0234284 0.230832
-0.498854 -0.227915 0.169095
-0.182196 0.100407 0.120347
-0.123414 0.161578 0.0944931
-0.151666 -0.0864416 0.0856477
-0.115162 0.392354 0.000646532
-0.141349 0.613489 -0.0726047
-0.240503 -0.0671284 0.0230519
-0.316658 -0.0149753 0.016724
-0.079264 -0.104313 0.0139399
-0.0765103 -0.0792207 0.0112478
-0.0588698 -0.0831283 0.0132132
-0.240881 0.197312 0.0715576
-0.414286 0.265492 0.139754
-0.25098 0.115843 0.274813
-0.205832 0.0910234 0.414413
-0.243529 0.362048 0.04119
-0.273588 0.243808 -0.173595
-0.278468 0.250653 -0.177957
-0.243164 0.211838 -0.0799388
-0.193799 0.0876834 0.0984641
-0.339164 0.148543 0.139
-0.335949 0.133644 0.159554
-0.317024 -0.12 0.363063
-0.344824 -0.0927668 0.367124
-0.430989 0.227637 0.227069
-0.44015 0.215642 0.227373
-0.44117 0.553452 0.0019646
-0.404778 -0.136793 0.22664
-0.462169 0.0572471 0.218142
-0.433848 0.0754951 0.295283
-0.466076 -0.176085 0.231517
-0.15976 0.161829 0.177165
-0.10339 0.224861 0.150047
-0.125564 -0.0237786 0.139392
-0.10436 0.456699 0.0578682
-0.139117 0.677538 -0.0132711
-0.21688 -0.00617912 0.0799306
-0.29455 0.0438685 0.0765784
-0.0551586 -0.0389524 0.0651953
-0.0531219 -0.0137686 0.0627065
-0.0353358 -0.0172439 0.0640419
-0.177025 0.0673117 0.0588743
-0.0336942 -0.103177 0.189376
-0.0052623 -0.144755 0.328619
0.00439933 0.166709 -0.00987955
-0.00777031 0.0771671 -0.238283
-0.0120484 0.0846994 -0.24214
0.0129315 0.0326083 -0.147461
0.0408098 -0.113721 0.0177313
-0.105865 -0.051539 0.0511046
-0.10526 -0.0687443 0.0698276
-0.117743 -0.342322 0.242546
-0.144718 -0.314416 0.246917
-0.203697 0.0209442 0.138286
-0.213166 0.00954662 0.136286
-0.183714 0.36856 -0.0426852
-0.191017 -0.339406 0.0974288
-0.239369 -0.144243 0.106371
-0.21878 -0.136244 0.186971
-0.254427 -0.375127 0.0918748
0.0686456 -0.0507623 0.107574
0.129064 0.0125562 0.0939637
0.100766 -0.231905 0.0514557
0.142124 0.253391 0.0315434
0.117164 0.482168 -0.0137666
0.016589 -0.203459 -0.0140627
-0.0586278 -0.149876 -0.0187091
0.178036 -0.241458 -0.0169838
0.181172 -0.216237 -0.0162232
0.198636 -0.220586 -0.0135796
0.133213 -0.185495 0.119746
0.154414 -0.239585 0.256082
0.186085 0.0996697 -0.0536364
0.178754 0.0312939 -0.289677
0.174777 0.0392881 -0.29296
0.195641 -0.022026 -0.202566
0.213783 -0.183558 -0.0498778
0.067923 -0.119814 -0.015957
0.0673292 -0.138587 0.00119662
0.0385788 -0.425006 0.149394
0.0125209 -0.396637 0.155172
-0.0308262 -0.0521386 0.0739747
-0.0405373 -0.0629803 0.0706757
0.00364708 0.30877 -0.0737978
-0.0289784 -0.407123 0.00255365
-0.0704767 -0.212257 0.0266766
-0.0526597 -0.211929 0.108192
-0.0936691 -0.43971 -0.00799713
0.240237 -0.129444 0.0462926
0.30291 -0.0668607 0.0404177
0.268599 -0.30638 -0.0244575
0.323985 0.178843 0.000196866
0.304525 0.412045 -0.0247374
0.187698 -0.269503 -0.0902669
0.114427 -0.213181 -0.0926383
0.348023 -0.312479 -0.0911094
0.352001 -0.287429 -0.0880436
0.369234 -0.292564 -0.0851759
0.0311349 -0.0468486 0.136923
0.0533589 0.269165 -0.196509
0.0208844 0.185063 -0.425896
0.017114 0.193066 -0.429405
0.0421015 0.137081 -0.336898
0.0643731 -0.0143659 -0.175301
-0.073926 0.0607708 -0.133415
-0.0739654 0.0432329 -0.114998
-0.103279 -0.230711 0.0551247
-0.127096 -0.200591 0.0611586
-0.159835 0.140109 -0.0397107
-0.170414 0.129676 -0.041351
-0.117466 0.488531 -0.214203
-0.183208 -0.218725 -0.0852197
-0.21238 -0.0203156 -0.0718369
-0.186868 -0.0157577 0.00741045
-0.249747 -0.248412 -0.0871993
0.102558 0.0440568 -0.0861605
0.168039 0.101556 -0.101724
0.114279 -0.138437 -0.145809
0.201051 0.341546 -0.160004
0.19556 0.573127 -0.198033
0.0300644 -0.101017 -0.206698
-0.0398847 -0.0404149 -0.206857
0.186783 -0.154467 -0.21783
0.192397 -0.129626 -0.217023
0.209468 -0.135718 -0.215225
0.0363617 0.30934 -0.338279
-0.00707174 0.223908 -0.566074
-0.0103734 0.232141 -0.569612
0.0127862 0.17578 -0.476832
0.0281719 0.0252807 -0.313344
-0.104023 0.110603 -0.269527
-0.104821 0.0933518 -0.250837
-0.148367 -0.175551 -0.0750286
-0.169946 -0.143792 -0.0690097
-0.182152 0.197122 -0.174711
-0.193479 0.18739 -0.175932
-0.119739 0.540547 -0.353819
-0.230884 -0.160702 -0.213403
-0.246386 0.0398449 -0.203021
-0.218548 0.0439054 -0.124543
-0.299332 -0.186008 -0.212882
0.0723493 0.0824579 -0.225988
0.141452 0.135091 -0.243693
0.0702387 -0.101721 -0.28261
0.19016 0.37178 -0.305375
0.200528 0.603272 -0.344811
-0.0127672 -0.0595822 -0.342406
-0.0786208 0.00585155 -0.342102
0.140101 -0.124103 -0.355608
0.147431 -0.0996318 -0.355406
0.164126 -0.106884 -0.353795
0.00734289 -0.0892969 -0.228427
0.00336493 -0.0817687 -0.232622
0.020629 -0.13404 -0.136172
0.0354608 -0.28016 0.0312585
-0.114108 -0.218483 0.0521823
-0.115009 -0.23562 0.0709796
-0.141031 -0.50818 0.243864
-0.168523 -0.48027 0.245839
-0.219207 -0.145651 0.130755
-0.228465 -0.157054 0.128013
-0.18494 0.201351 -0.0487228
-0.202343 -0.506276 0.0922225
-0.251881 -0.310998 0.0965041
-0.23805 -0.302537 0.178775
-0.265391 -0.541958 0.0814204
0.05542 -0.216681 0.123116
0.116462 -0.152959 0.114317
0.0933141 -0.397822 0.0702971
0.133071 0.0877396 0.0523822
0.110597 0.316175 0.00461547
0.0143841 -0.370101 -0.00236131
-0.0607081 -0.316864 -0.0133928
0.176443 -0.40684 0.00825917
0.179326 -0.381589 0.00923239
0.196615 -0.385752 0.013341
-0.00497955 0.00698092 -0.00401441
0.0223536 -0.0423355 0.0914764
0.0612894 -0.185609 0.257043
-0.0935021 -0.141322 0.284872
-0.0916171 -0.15851 0.30354
-0.0785986 -0.43446 0.47319
-0.10912 -0.409773 0.47676
-0.203234 -0.0809461 0.367764
-0.211245 -0.0934181 0.365307
-0.216625 0.267941 0.186123
-0.146255 -0.43864 0.324597
-0.217949 -0.24973 0.333482
-0.201808 -0.239904 0.415133
-0.205147 -0.481573 0.31542
0.0781374 -0.120083 0.348244
0.131265 -0.0495925 0.336903
0.133954 -0.296386 0.291884
0.117579 0.192078 0.274177
0.0670203 0.416681 0.225313
0.049079 -0.277547 0.223543
-0.0320068 -0.23313 0.216425
0.214522 -0.295892 0.225822
0.214583 -0.270427 0.226974
0.232408 -0.272656 0.230117
0.027096 -0.049496 0.0954653
0.0657149 -0.193087 0.26083
-0.0892905 -0.149156 0.288209
-0.0874441 -0.166382 0.306843
-0.0746015 -0.442696 0.475885
-0.105189 -0.418066 0.479403
-0.199467 -0.0891508 0.370835
-0.207448 -0.101632 0.368319
-0.212856 0.260101 0.18996
-0.141703 -0.446669 0.326998
-0.213758 -0.25789 0.336093
-0.197946 -0.248212 0.417833
-0.200516 -0.489676 0.317487
0.0821009 -0.127718 0.352259
0.135139 -0.0570819 0.341271
0.138474 -0.303811 0.295658
0.121166 0.184728 0.279043
0.0702713 0.409347 0.230488
0.053795 -0.284981 0.227051
-0.0273623 -0.240699 0.219754
0.219302 -0.302997 0.229862
0.219311 -0.27753 0.23108
0.237134 -0.279728 0.234279
0.0359292 -0.143016 0.166456
-0.115712 -0.0915597 0.197047
-0.11417 -0.1086 0.215879
-0.109401 -0.382416 0.389068
-0.138582 -0.356446 0.392942
-0.220382 -0.0257107 0.2818
-0.228976 -0.0378124 0.279685
-0.222288 0.32146 0.0972366
-0.180391 -0.385274 0.242361
-0.243321 -0.193672 0.250047
-0.224839 -0.183771 0.331102
-0.241062 -0.425629 0.235369
0.0576718 -0.0775728 0.256401
0.113567 -0.00989262 0.243191
0.104093 -0.256421 0.201374
0.109765 0.231106 0.17849
0.0688365 0.457114 0.129263
0.0189082 -0.234516 0.134545
-0.0600776 -0.186614 0.128509
0.182987 -0.260407 0.133896
0.184222 -0.235005 0.134664
0.201948 -0.238025 0.137515
-0.144009 0.0640578 0.0403971
-0.142451 0.0472049 0.0594044
-0.14653 -0.223269 0.237709
-0.172983 -0.195142 0.243094
-0.236159 0.138782 0.131719
-0.245809 0.127396 0.130485
-0.223808 0.482975 -0.0574245
-0.227888 -0.222508 0.0973369
-0.274611 -0.0268799 0.105118
-0.249342 -0.0175475 0.184224
-0.291463 -0.25811 0.0961942
0.0334521 0.0643727 0.0867939
0.0935921 0.126733 0.0685272
0.0607678 -0.118062 0.0326757
0.105666 0.366055 0.00064888
0.0808819 0.594122 -0.0478167
-0.0266499 -0.090139 -0.0284504
-0.101547 -0.0360366 -0.0299507
0.133822 -0.129846 -0.0396426
0.137206 -0.104666 -0.0396006
0.154727 -0.109167 -0.0378527
0.000609153 -0.0181787 0.0177619
-0.0158364 -0.299893 0.176206
-0.0417703 -0.271592 0.182656
-0.0937771 0.069916 0.0933952
-0.103567 0.058887 0.0910448
-0.0708047 0.425866 -0.0687655
-0.0921473 -0.287345 0.0337149
-0.13448 -0.0921106 0.0538629
-0.111802 -0.0889656 0.134023
-0.156655 -0.320987 0.028138
0.175713 -0.00668247 0.0519427
0.237456 0.0557402 0.0402099
0.201239 -0.185571 -0.014303
0.25489 0.299575 -0.00951112
0.233391 0.531401 -0.0414266
0.116423 -0.151398 -0.0761157
0.0427283 -0.0956517 -0.0760164
0.276419 -0.193743 -0.0851003
0.280346 -0.168639 -0.083141
0.297719 -0.17363 -0.0811539
-0.0174878 -0.281486 0.158736
-0.0430941 -0.252965 0.165396
-0.0929077 0.0889159 0.0764904
-0.102815 0.0779729 0.0742318
-0.0682947 0.444675 -0.0857907
-0.0949466 -0.268333 0.0170048
-0.135381 -0.0727455 0.0373842
-0.111938 -0.0697837 0.117316
-0.15976 -0.301429 0.0120803
0.175492 0.00990002 0.0326296
0.237701 0.0717276 0.0203614
0.198791 -0.169242 -0.0337163
0.256967 0.31538 -0.0294642
0.237333 0.54742 -0.0610178
0.113759 -0.134316 -0.0948114
0.0405759 -0.0778932 -0.0941054
0.273257 -0.178187 -0.105112
0.277434 -0.153117 -0.103211
0.294774 -0.158276 -0.101363
-0.0219837 0.0302681 0.0102181
-0.0568708 0.376155 -0.0688286
-0.0678713 0.366022 -0.069756
-0.0276155 0.731916 -0.230136
-0.095015 0.0208374 -0.128923
-0.116976 0.21868 -0.102682
-0.0822674 0.218703 -0.0267989
-0.162052 -0.00741588 -0.124432
0.196786 0.276348 -0.150588
0.262036 0.332666 -0.170856
0.195623 0.0962993 -0.21998
0.295259 0.574749 -0.220948
0.291165 0.808678 -0.246509
0.106004 0.138963 -0.268905
0.0382376 0.201381 -0.258054
0.258619 0.0811305 -0.300657
0.265161 0.105784 -0.299401
0.282117 0.0990155 -0.299868
-0.0321589 0.346919 -0.0755612
-0.043174 0.33685 -0.0767708
0.00050259 0.704518 -0.231793
-0.0710013 -0.00746415 -0.140295
-0.0923756 0.190164 -0.112116
-0.0588119 0.189134 -0.0357832
-0.138255 -0.0353759 -0.13711
0.222137 0.246992 -0.154622
0.287827 0.303358 -0.173216
0.221295 0.0677005 -0.226139
0.32239 0.546118 -0.219792
0.31907 0.780547 -0.242392
0.132575 0.11136 -0.27589
0.0649373 0.173965 -0.265297
0.285384 0.0532782 -0.306053
0.292008 0.0779085 -0.304405
0.308942 0.0710806 -0.304697
-0.0101861 -0.0104213 -0.00319889
0.043787 0.361891 -0.142688
-0.0135259 -0.353707 -0.0757713
-0.0468231 -0.157781 -0.0483782
-0.0269179 -0.159332 0.032551
-0.0795966 -0.383719 -0.0848713
0.26704 -0.0871187 -0.0354942
0.331913 -0.0269303 -0.0419206
0.28668 -0.26416 -0.109054
0.361413 0.218615 -0.0787482
0.349993 0.453077 -0.0989222
0.205734 -0.223185 -0.17248
0.134685 -0.163966 -0.172386
0.364099 -0.272587 -0.177515
0.369151 -0.247716 -0.174266
0.386222 -0.253596 -0.171837
0.0525361 0.373086 -0.137955
-0.00327894 -0.342912 -0.0743116
-0.0366539 -0.147183 -0.0457372
-0.0163274 -0.149117 0.0350654
-0.0693448 -0.372967 -0.083218
0.277146 -0.0761684 -0.034156
0.341906 -0.0158661 -0.0406277
0.29657 -0.252859 -0.108734
0.370852 0.22996 -0.0764033
0.358883 0.464569 -0.0953917
0.215256 -0.211645 -0.171508
0.144158 -0.152502 -0.170728
0.373595 -0.260888 -0.177667
0.378644 -0.236023 -0.174319
0.395729 -0.241904 -0.172014
-0.017891 -0.716775 0.0723322
-0.0701986 -0.523444 0.0899526
-0.0651288 -0.522339 0.174039
-0.0799114 -0.751538 0.0515445
0.233045 -0.427713 0.157109
0.293516 -0.361966 0.160457
0.279965 -0.603019 0.0912429
0.309553 -0.115396 0.12226
0.283899 0.116523 0.0928874
0.2077 -0.569855 0.0131276
0.132653 -0.516897 -0.000421859
0.369835 -0.60453 0.036622
0.372161 -0.579318 0.0403114
0.38917 -0.583494 0.045776
-0.0352192 0.194361 0.0347754
-0.00132892 0.193201 0.110974
-0.0650712 -0.032614 0.00226546
0.273884 0.274838 -0.00763818
0.335041 0.336358 -0.025267
0.285254 0.0983828 -0.084914
0.350786 0.582381 -0.0661416
0.328968 0.816475 -0.0841508
0.193372 0.137295 -0.132493
0.121671 0.194468 -0.119435
0.349205 0.0912343 -0.166075
0.354075 0.116178 -0.163667
0.3714 0.110577 -0.164389
0.026233 -0.0029244 0.0789695
-0.0304466 -0.225763 -0.0394132
0.312123 0.0770915 -0.0104563
0.375112 0.138549 -0.0207256
0.329019 -0.0981275 -0.0896191
0.396701 0.385541 -0.0545337
0.378499 0.620376 -0.0691542
0.242677 -0.0572854 -0.145214
0.170854 0.000526007 -0.138029
0.400519 -0.104018 -0.164294
0.405387 -0.079126 -0.160895
0.422646 -0.0848191 -0.160019
-0.0655345 -0.222096 -0.115033
0.288792 0.0674445 -0.0901512
0.354222 0.126188 -0.100925
0.298819 -0.109327 -0.166874
0.385898 0.371631 -0.137007
0.377529 0.606817 -0.1532
0.2141 -0.0658619 -0.223246
0.144524 -0.00512096 -0.216973
0.370207 -0.119072 -0.241123
0.376048 -0.094335 -0.238065
0.393091 -0.100695 -0.23703
0.33896 0.307547 -0.00540807
0.3998 0.369663 -0.0220589
0.349032 0.13337 -0.0887367
0.414191 0.617388 -0.0552558
0.390737 0.852404 -0.0652948
0.256323 0.173991 -0.133565
0.184821 0.230842 -0.117435
0.411555 0.128666 -0.171336
0.416498 0.153562 -0.168205
0.433808 0.147934 -0.169405
0.0633257 0.0593825 -0.0172088
0.0211326 -0.184341 -0.0500986
0.0881716 0.296823 -0.0876159
0.0754468 0.525133 -0.138831
-0.063091 -0.153801 -0.114582
-0.135549 -0.0964649 -0.119371
0.0960278 -0.200478 -0.119725
0.100474 -0.175457 -0.120014
0.117745 -0.180648 -0.117581
-0.0389668 -0.245004 -0.0264652
0.0253307 0.235259 -0.0771198
0.0132279 0.461672 -0.135915
-0.121548 -0.217254 -0.0944482
-0.19439 -0.160687 -0.10322
0.0382678 -0.262461 -0.0933602
0.0424553 -0.237426 -0.0942836
0.0597125 -0.242349 -0.0911754
0.0516479 0.481886 -0.0491421
0.0288768 0.708864 -0.102828
-0.0904183 0.0275207 -0.0567053
-0.164489 0.0827272 -0.0554697
0.0684412 -0.0153023 -0.0759714
0.0722189 0.00978993 -0.0769239
0.089731 0.0050112 -0.0760509
-0.0133605 0.225122 -0.0632457
-0.12711 -0.45767 -0.0289557
-0.200802 -0.403627 -0.0470115
0.0341613 -0.496736 -0.00847921
0.0374407 -0.471565 -0.00914337
0.0545124 -0.475743 -0.00396145
-0.0964911 -0.68596 0.0159923
-0.169905 -0.633577 -0.0100071
0.0643519 -0.720506 0.0545292
0.0669142 -0.695231 0.0545073
0.083609 -0.698902 0.0616009
-0.0756372 0.052962 0.00258912
0.16022 -0.0374151 -0.0189933
0.163286 -0.0121916 -0.0187604
0.180914 -0.0165055 -0.0178783
0.236303 -0.0898244 -0.0187574
0.239377 -0.0645971 -0.0174864
0.256977 -0.0689507 -0.0163008
0.00281453 0.0251577 -0.00184106
0.0204965 0.0210765 -0.0009566
0.0176728 -0.00406286 0.00111249
