0.0312298 -0.0853673 -0.15373 -0.983923 1616574763997306991
0.000416697 0.0187377 0.0358487 -0.999181 1616574767918291007
0.110714 0.083929 0.0101995 0.99025 1616574771841379069
0.091906 0.0556973 -0.0354546 -0.993576 1616574775761886168
0.143386 0.0329106 -0.0241707 -0.988824 1616574779678131965
0.0123062 -0.0788444 -0.0357247 -0.996171 1616574783590823275
0.00667808 0.0396224 -0.0267198 0.998835 1616574787506481235
0.0924706 0.171662 -0.0506823 0.979496 1616574791424183274
0.0429691 0.0154071 -0.0706912 0.996453 1616574795340362918
0.0488292 0.0546018 0.0433826 -0.99637 1616574799258619485
0.0174343 0.203019 -0.0740743 0.976213 1616574807106735479
0.00347637 0.113012 0.0364109 -0.99292 1616574811027434696
0.0215544 0.0462839 0.0270806 0.998329 1616574822785810150
0.00265993 0.0707722 0.100333 0.99243 1616574826705673781
0.0179655 0.184671 -0.093666 -0.978162 1616574830627010875
0.0356239 -0.093313 -0.00533617 -0.994985 1616574834546932739
0.0351786 -0.136298 -0.114749 -0.983371 1616574838467244638