0.030964 -0.0854761 -0.153862 -0.983901 1616574761616033263
0.0442973 -0.0852446 -0.148789 -0.984192 1616574764346776085
0.0134449 0.00249158 -0.00376594 -0.999899 1616574767089327464
0.0209412 0.0433846 -0.0391732 0.99807 1616574769819176718
0.128264 0.0845606 0.0184418 0.987956 1616574772551013390
0.0517555 0.0671967 -0.0392228 -0.995624 1616574775282187041
0.148931 0.0317618 -0.0226846 -0.988077 1616574778020203269
0.120863 0.0243273 -0.0274364 -0.991992 1616574780745695604
0.0156108 -0.0720862 -0.0425206 -0.996369 1616574783471400207
0.00290666 0.0324575 -0.0278906 0.99908 1616574786207623014
0.0689495 0.150503 -0.0178452 0.986041 1616574788934791527
0.0924074 0.170385 -0.0508073 0.979719 1616574791662899432
0.0472756 0.00936546 -0.0829124 0.995391 1616574797130757485
0.0504942 0.157721 0.0558401 -0.98461 1616574799858784243
0.021469 0.047133 0.031115 -0.998173 1616574802587241614
0.0145838 0.116436 -0.072957 0.990408 1616574805317284464
0.0292727 0.0794777 -0.115386 0.989703 1616574813516278596
0.0191207 0.141856 -0.115035 0.982995 1616574816256071307
0.0319941 0.00416204 0.0872348 0.995665 1616574824446770623
0.00677778 -0.125685 -0.0823679 -0.988622 1616574827185778085
0.0107512 0.132912 -0.0935543 -0.986644 1616574829916786851
0.0342937 -0.143473 -0.0717578 -0.986453 1616574832646904734
0.0365621 -0.089663 0.0145013 -0.995195 1616574835377362070
0.034841 -0.136349 -0.114879 -0.98336 1616574838117303921
0.0337221 -0.12597 -0.120633 -0.984095 1616574840848043233
