0.995394 0.00880431 0.00895048 0.0950399 1616574760336679654
0.991296 0.00837496 0.00933361 0.131053 1616574762437713585
0.998661 0.0204055 0.0315977 -0.0355042 1616574764537254479
0.888553 0.125298 0.0691474 0.435882 1616574766638200428
0.90579 0.212767 0.07655 0.358352 1616574768739197831
0.904438 0.174955 -0.0290946 0.38799 1616574770840123869
0.8867 0.193653 -0.0990382 0.407987 1616574772921373299
0.949376 0.110076 0.0680741 0.286243 1616574775021878414
0.924643 0.0798065 0.174537 0.328943 1616574777123249818
0.926499 0.0817304 0.177172 0.321759 1616574779217889779
0.930989 0.0901857 0.124488 0.331101 1616574781314183575
0.907383 0.112803 0.0362273 0.403262 1616574783411023334
0.918592 0.184819 0.0465781 0.346211 1616574785508458334
0.922419 0.186398 0.0342681 0.336488 1616574787586954785
0.853819 0.230141 -0.0568243 0.463465 1616574789684483249
0.863252 0.242153 -0.0545683 0.439523 1616574791803230604
0.908611 0.239757 0.0391585 0.33972 1616574795979740830
0.910549 0.244468 0.0377696 0.331225 1616574798080292857
0.958519 0.180116 0.135816 0.17422 1616574800178085002
0.83801 0.237526 0.0306671 0.490286 1616574806457196305
0.87182 0.25302 0.0498965 0.41644 1616574808555934675
0.882313 0.257779 0.00374011 0.393777 1616574812755469667
0.828588 0.264807 0.0407524 0.491587 1616574816955597811
0.925109 0.111497 -0.00554086 0.36292 1616574823237139581
0.941558 0.0743494 -0.00748052 0.328459 1616574825335879792
0.887803 0.0923888 0.00406243 0.450837 1616574827437490143
0.972465 0.0539665 0.0316018 0.224502 1616574829535888570
0.989451 0.0446369 0.0705745 0.118375 1616574831637451327
0.894762 0.120599 0.0470896 0.427364 1616574833716730092
0.896711 0.153373 0.0686036 0.409487 1616574835817025575
0.887135 0.0446659 0.0199539 0.458909 1616574837937084726
0.893003 0.0429996 0.0209483 0.447501 1616574840018025416
0.891589 0.0355783 0.0165322 0.451143 1616574842118226161
0.995394 0.00880431 0.00895048 0.0950399 1616574760336679654
0.991296 0.00837496 0.00933361 0.131053 1616574762437713585
0.998661 0.0204055 0.0315977 -0.0355042 1616574764537254479
0.888553 0.125298 0.0691474 0.435882 1616574766638200428
0.90579 0.212767 0.07655 0.358352 1616574768739197831
0.904438 0.174955 -0.0290946 0.38799 1616574770840123869
0.8867 0.193653 -0.0990382 0.407987 1616574772921373299
0.949376 0.110076 0.0680741 0.286243 1616574775021878414
0.924643 0.0798065 0.174537 0.328943 1616574777123249818
0.926499 0.0817304 0.177172 0.321759 1616574779217889779
0.930989 0.0901857 0.124488 0.331101 1616574781314183575
0.907383 0.112803 0.0362273 0.403262 1616574783411023334
0.918592 0.184819 0.0465781 0.346211 1616574785508458334
0.922419 0.186398 0.0342681 0.336488 1616574787586954785
0.853819 0.230141 -0.0568243 0.463465 1616574789684483249
0.863252 0.242153 -0.0545683 0.439523 1616574791803230604
0.908611 0.239757 0.0391585 0.33972 1616574795979740830
0.910549 0.244468 0.0377696 0.331225 1616574798080292857
0.958519 0.180116 0.135816 0.17422 1616574800178085002
0.83801 0.237526 0.0306671 0.490286 1616574806457196305
0.87182 0.25302 0.0498965 0.41644 1616574808555934675
0.882313 0.257779 0.00374011 0.393777 1616574812755469667
0.828588 0.264807 0.0407524 0.491587 1616574816955597811
0.925109 0.111497 -0.00554086 0.36292 1616574823237139581
0.941558 0.0743494 -0.00748052 0.328459 1616574825335879792
0.887803 0.0923888 0.00406243 0.450837 1616574827437490143
0.972465 0.0539665 0.0316018 0.224502 1616574829535888570
0.989451 0.0446369 0.0705745 0.118375 1616574831637451327
0.894762 0.120599 0.0470896 0.427364 1616574833716730092
0.896711 0.153373 0.0686036 0.409487 1616574835817025575
0.887135 0.0446659 0.0199539 0.458909 1616574837937084726
0.893003 0.0429996 0.0209483 0.447501 1616574840018025416
0.891589 0.0355783 0.0165322 0.451143 1616574842118226161
0.995394 0.00880431 0.00895048 0.0950399 1616574760336679654
0.991296 0.00837496 0.00933361 0.131053 1616574762437713585
0.998661 0.0204055 0.0315977 -0.0355042 1616574764537254479
0.888553 0.125298 0.0691474 0.435882 1616574766638200428
0.90579 0.212767 0.07655 0.358352 1616574768739197831
0.904438 0.174955 -0.0290946 0.38799 1616574770840123869
0.8867 0.193653 -0.0990382 0.407987 1616574772921373299
0.949376 0.110076 0.0680741 0.286243 1616574775021878414
0.924643 0.0798065 0.174537 0.328943 1616574777123249818
0.926499 0.0817304 0.177172 0.321759 1616574779217889779
0.930989 0.0901857 0.124488 0.331101 1616574781314183575
0.907383 0.112803 0.0362273 0.403262 1616574783411023334
0.918592 0.184819 0.0465781 0.346211 1616574785508458334
0.922419 0.186398 0.0342681 0.336488 1616574787586954785
0.853819 0.230141 -0.0568243 0.463465 1616574789684483249
0.863252 0.242153 -0.0545683 0.439523 1616574791803230604
0.908611 0.239757 0.0391585 0.33972 1616574795979740830
0.910549 0.244468 0.0377696 0.331225 1616574798080292857
0.958519 0.180116 0.135816 0.17422 1616574800178085002
0.83801 0.237526 0.0306671 0.490286 1616574806457196305
0.87182 0.25302 0.0498965 0.41644 1616574808555934675
0.882313 0.257779 0.00374011 0.393777 1616574812755469667
0.828588 0.264807 0.0407524 0.491587 1616574816955597811
0.925109 0.111497 -0.00554086 0.36292 1616574823237139581
0.941558 0.0743494 -0.00748052 0.328459 1616574825335879792
0.887803 0.0923888 0.00406243 0.450837 1616574827437490143
0.972465 0.0539665 0.0316018 0.224502 1616574829535888570
0.989451 0.0446369 0.0705745 0.118375 1616574831637451327
0.894762 0.120599 0.0470896 0.427364 1616574833716730092
0.896711 0.153373 0.0686036 0.409487 1616574835817025575
0.887135 0.0446659 0.0199539 0.458909 1616574837937084726
0.893003 0.0429996 0.0209483 0.447501 1616574840018025416
0.891589 0.0355783 0.0165322 0.451143 1616574842118226161
