0.0308056 -0.0856896 -0.153616 -0.983926 1616574757903781060
0.0311159 -0.08569 -0.153563 -0.983925 1616574758774018449
0.0310328 -0.0856834 -0.153669 -0.983911 1616574759656242119
0.0309995 -0.0855154 -0.153754 -0.983913 1616574760525151509
0.0309786 -0.0854435 -0.153934 -0.983892 1616574761405733303
0.030926 -0.0855333 -0.153797 -0.983908 1616574762277046051
0.0308871 -0.0856345 -0.153963 -0.983874 1616574763157238366
0.0316483 -0.0846849 -0.153834 -0.983952 1616574764026872204
0.076837 -0.090372 -0.126977 -0.984787 1616574764907229741
0.0526282 -0.0534592 -0.0713195 -0.994629 1616574765787322042
0.0242394 -0.0129534 -0.025683 -0.999292 1616574766659568922
0.00565825 0.0157079 0.0206197 -0.999648 1616574767539301285
0.00298849 -0.020765 -0.0497842 0.99854 1616574768409670996
0.00875603 -0.0287524 -0.0632848 0.997543 1616574769290619061
0.0370044 0.0499455 -0.00936727 0.998022 1616574770159342160
0.0756555 0.0494396 0.00883068 0.995868 1616574771040235634
0.113391 0.0839653 0.0129943 0.989911 1616574771910217752
0.135322 0.090054 0.00859892 0.986663 1616574772792012074
0.110104 0.058368 0.0138386 0.992108 1616574773671780741
0.0149514 -0.0412105 0.0269872 0.998674 1616574774541755451
0.066494 0.0621778 -0.0406431 -0.995018 1616574775421994036
0.12138 0.0404255 -0.03592 -0.991132 1616574776292560968
0.143071 0.0286512 -0.0250964 -0.988979 1616574777173308443
0.148843 0.0318843 -0.0228368 -0.988083 1616574778040592318
0.145245 0.0315014 -0.0240753 -0.988601 1616574778918404022
0.143013 0.030513 -0.0232568 -0.988977 1616574779786805992
0.125066 0.0253306 -0.026041 -0.991483 1616574780666453339
0.0879408 -0.00297053 -0.0383484 -0.995383 1616574781544441640
0.0490131 -0.0307116 -0.0609158 -0.996466 1616574782412469988
0.020513 -0.073526 -0.0488202 -0.995886 1616574783292665473
0.00563573 -0.0685823 -0.0121538 -0.997556 1616574784160875048
0.00184589 -0.0436249 0.023353 -0.998773 1616574785040899340
0.000742378 0.0348204 -0.0271536 0.999024 1616574785907855057
0.00441434 0.0324364 -0.0263712 0.999116 1616574786786857487
0.00918007 0.055784 -0.0267131 0.998043 1616574787656889236
0.0535458 0.126125 -0.0142096 0.990466 1616574788535466077
0.085364 0.180884 -0.0297366 0.979341 1616574789415591516
0.0951556 0.180728 -0.0516949 0.977553 1616574790283668688
0.0922443 0.172574 -0.0519325 0.979292 1616574791163934097
0.0922982 0.169318 -0.0501627 0.979947 1616574792033677623
0.0814895 0.100874 -0.0333797 0.990994 1616574792912330359
0.0590191 0.0280901 -0.0591235 0.996108 1616574794660854845
0.0378987 0.0107022 -0.0661123 0.997035 1616574795530692586
0.0512847 -0.0101714 -0.0865411 0.994875 1616574796409644606
0.0460981 0.0119629 -0.0830052 0.99541 1616574797289195050
0.0406205 0.00835028 -0.0795807 0.995965 1616574798158713531
0.0375971 0.0408166 0.0532265 -0.997039 1616574799039693070
0.0487751 0.162875 0.06242 -0.983461 1616574799908879501
0.0346353 0.123312 0.045226 -0.990732 1616574800788204534
0.0536128 0.113737 0.0441811 -0.991079 1616574801658014725
0.0254522 0.0585029 0.0363909 -0.997299 1616574802537172027
0.00471403 -0.14199 0.0512253 -0.988531 1616574804287486027
0.0160145 0.114058 -0.0756823 0.990458 1616574805157716428
0.0156904 0.158831 -0.0782793 0.984073 1616574806038023082
0.0133463 0.201359 -0.0744252 0.976595 1616574806916636698
0.012642 0.227691 -0.058035 0.97192 1616574807786769130
0.0306741 0.072536 -0.107264 0.991106 1616574808666315061
0.0161983 -0.0350277 -0.0981594 0.994422 1616574810416058578
0.038549 0.0908401 -0.111596 0.988842 1616574813036775251
0.0152884 0.171191 -0.107109 0.979279 1616574816545260514
0.0194002 0.207699 -0.103175 0.972543 1616574817415816202
0.0083763 0.188681 -0.108769 0.97596 1616574818295966656
0.00375197 0.0451454 -0.0320097 0.99846 1616574821795781697
0.0179013 0.0471454 0.0201426 0.998524 1616574822675731099
0.0267695 0.0353606 0.0743837 0.996243 1616574823545463539
0.0319941 0.00416204 0.0872348 0.995665 1616574824426780276
0.0235633 0.00704889 0.0907199 0.995573 1616574825295933774
0.0120653 -0.134108 -0.110952 -0.984662 1616574826176158025
0.00130108 -0.0982412 -0.0841135 -0.991601 1616574827047402262
0.00594876 0.126799 0.0742099 0.989131 1616574827925752356
0.0124139 0.00333578 0.092549 0.995625 1616574828796338560
0.00647478 0.121447 -0.0960717 -0.987916 1616574829676556330
0.0162767 0.177361 -0.0950348 -0.979411 1616574830556029611
0.0244836 0.215034 -0.0908059 -0.972067 1616574831427050565
0.0439038 -0.0637229 -0.0946648 -0.992497 1616574832307490860
0.027559 -0.153274 -0.0533707 -0.986357 1616574833176667626
0.0417311 -0.11944 -0.0237457 -0.99168 1616574834057542848
0.0377878 -0.0929344 0.00158328 -0.994954 1616574834926522918
0.036888 -0.0885463 0.00495182 -0.995376 1616574835806520451
0.0224503 -0.0601668 -0.0300508 -0.997483 1616574836677443092
0.0344035 -0.137326 -0.100499 -0.984814 1616574837557477618
0.0351417 -0.136349 -0.114733 -0.983367 1616574838438310049
0.0340087 -0.126699 -0.112171 -0.984992 1616574839306893002
0.034767 -0.125029 -0.115558 -0.984787 1616574840187888387
0.0331095 -0.126533 -0.123207 -0.983724 1616574841058437794
0.0333062 -0.126391 -0.122729 -0.983796 1616574841937232577
0.0332163 -0.126161 -0.12888 -0.983041 1616574842807411533
0.0330259 -0.126403 -0.127552 -0.98319 1616574843687894265
0.0328936 -0.126366 -0.130034 -0.982874 1616574844558027030
