0.03109 -0.0857057 -0.153728 -0.983898 1616574759014349784
0.031027 -0.0853615 -0.153769 -0.983924 1616574760445957599
0.0309812 -0.085407 -0.153883 -0.983903 1616574761875774697
0.0309459 -0.0854293 -0.153855 -0.983907 1616574763306182193
0.0689148 -0.0905933 -0.135949 -0.984155 1616574764737953623
0.038646 -0.0280048 -0.0481421 -0.9977 1616574766177894369
0.00491681 0.0164585 0.0236195 -0.999573 1616574767608239252
0.00728221 -0.0275819 -0.064501 0.99751 1616574769039260390
0.053694 0.0677022 -0.0036911 0.996253 1616574770470422776
0.113391 0.0839653 0.0129943 0.989911 1616574771900469431
0.139399 0.0740167 0.00514258 0.987453 1616574773330779399
0.00359616 0.062714 -0.0241681 -0.997732 1616574774761523691
0.116312 0.043516 -0.0362065 -0.991598 1616574776202381322
0.149101 0.0315465 -0.0222463 -0.988068 1616574777631068061
0.145121 0.0299716 -0.0240199 -0.988668 1616574779059450986
0.130528 0.0305873 -0.0258221 -0.990636 1616574780487362108
0.0692762 -0.000761435 -0.0459741 -0.996537 1616574781913876914
0.0196492 -0.0730913 -0.0479833 -0.995976 1616574783341212929
0.00321995 -0.0468201 0.0118697 -0.998828 1616574784769280669
0.00290666 0.0324575 -0.0278906 0.99908 1616574786207623014
0.00848747 0.051622 -0.026926 0.998268 1616574787637230127
0.0738169 0.162935 -0.0192307 0.983684 1616574789066074043
0.0941527 0.178183 -0.0514089 0.978133 1616574790493519874
0.0922308 0.171234 -0.0502203 0.979617 1616574791922978680
0.0556626 0.0120846 -0.0271174 0.998008 1616574793352031146
0.0491768 -0.00633051 -0.0848073 0.995163 1616574796220140330
0.0425362 0.0122938 -0.0827313 0.995588 1616574797649795962
0.0412602 0.0430749 0.0528271 -0.996821 1616574799079668990
0.0347532 0.128563 0.0524185 -0.989705 1616574800507946548
0.0516519 0.112821 0.0440579 -0.991293 1616574801937725155
0.000573209 0.126719 -0.0405163 0.991111 1616574803366986836
0.0104727 0.114673 -0.0764969 0.990398 1616574804796560098
0.0187973 0.183316 -0.0777018 0.979798 1616574806238043618
0.0148547 0.231733 -0.0606559 0.970773 1616574807667874301
0.0137281 -0.0521821 -0.0861907 0.994816 1616574810525689197
0.0460066 -0.0134658 -0.0569686 0.997224 1616574811955623451
0.0191207 0.141856 -0.115035 0.982995 1616574816256071307
0.0192271 0.204073 -0.111157 0.972434 1616574817685412447
0.0180902 -0.0903157 0.141191 -0.985688 1616574820545515922
0.0154735 0.0523903 -0.0117059 0.998438 1616574821975686862
0.0271225 0.0380507 0.0684876 0.996557 1616574823406817350
0.0316632 0.000189088 0.0830306 0.996044 1616574824837010554
0.00846409 -0.117028 -0.112815 -0.986664 1616574826277150151
0.0049846 0.125205 0.0691089 0.989708 1616574827706054363
0.00494123 -0.0663411 0.100569 0.992704 1616574829137144655
0.0162767 0.177361 -0.0950348 -0.979411 1616574830566006893
0.0352722 0.0965621 -0.0960129 -0.990057 1616574831996302846
0.031081 -0.15035 -0.0475282 -0.987 1616574833427581699
0.0374755 -0.0930077 -0.00129806 -0.994959 1616574834856585867
0.0323628 -0.0685085 -0.0113167 -0.997061 1616574836296617140
0.0371589 -0.139849 -0.107314 -0.983639 1616574837727067545
0.033983 -0.126541 -0.112671 -0.984956 1616574839158066358
0.0382177 -0.14373 -0.117766 -0.981841 1616574840587066115
0.0333065 -0.126384 -0.122743 -0.983795 1616574842017745245
0.0330447 -0.126332 -0.127655 -0.983185 1616574843448539836
